3
100 400 5 2
0 67 89 4
0 0 57 53

10 1 3 4
4 33 2 5
4 2 55 6
2
-4 4 7,3
4 8 8,9
4
1 2 3 4 10
2 7 5 1 15
3 5 8 6 22
4 1 6 6 17
3
25 -10 3 1
-10 4 2 3
3 2 7 8
3
1 2 3 3
2 4 6 5
3 6 7 8

4
5 7 6 5 23,1
7 10 8 7 31,9
6 8 10 9 32,9
5 7 9 10 31,1
4
5 7 6 5 23
7 10 8 7 32
6 8 10 9 33
5 7 9 10 31
4
5 7 6 5 23,01
7 10 8 7 31,99
6 8 10 9 32,99
5 7 9 10 31,01

2
4 3,19 7,2
5 4 8,99


4
6 9 6 2 23,1
2 15 8 7 31,9
6 8 5 14 32,9
5 7 9 10 31,1

2
4 3,19 7,19
5 4 9

3
2 4 9 7
1 8 5 2
11 9 7 2

2
10 -1000000 -1000000
2 1 0

4
5 7 6 5 23,1
7 10 8 7 31,9
6 8 10 9 32,9
5 7 9 10 31,1


3
1 2 3 2
2 4 6 4
1 1 1 5



4
5 7 6 5 23,01
7 10 8 7 31,99
6 8 10 9 32,99
5 7 9 10 31,01
4
5 7 6 5 23
7 10 8 7 32
6 8 10 9 33
5 7 9 10 31





