75
87.15440248028573 0.0 0.0 0.0 0.0 0.0 0.0 0.0 0.0 0.0 0.0 0.0 0.0 0.0 0.0 0.0 0.0 0.0 0.0 0.0 0.0 0.0 0.0 0.0 0.0 0.0 0.0 0.0 0.0 0.0 0.0 0.0 0.0 0.0 0.0 0.0 0.0 0.0 0.0 0.0 0.0 0.0 0.0 0.0 0.0 0.0 0.0 0.0 0.0 0.0 0.0 0.0 0.0 0.0 0.0 0.0 0.0 0.0 0.0 0.0 0.0 0.0 0.0 0.0 0.0 0.0 0.0 0.0 0.0 0.0 0.0 0.0 0.0 0.0 0.0 96.76243054236761
90.54685815488637 53.88844057783423 0.0 0.0 0.0 0.0 0.0 0.0 0.0 0.0 0.0 0.0 0.0 0.0 0.0 0.0 0.0 0.0 0.0 0.0 0.0 0.0 0.0 0.0 0.0 0.0 0.0 0.0 0.0 0.0 0.0 0.0 0.0 0.0 0.0 0.0 0.0 0.0 0.0 0.0 0.0 0.0 0.0 0.0 0.0 0.0 0.0 0.0 0.0 0.0 0.0 0.0 0.0 0.0 0.0 0.0 0.0 0.0 0.0 0.0 0.0 0.0 0.0 0.0 0.0 0.0 0.0 0.0 0.0 0.0 0.0 0.0 0.0 0.0 0.0 50.40332955830756
14.01637500665437 64.71789210438692 99.0290760606255 0.0 0.0 0.0 0.0 0.0 0.0 0.0 0.0 0.0 0.0 0.0 0.0 0.0 0.0 0.0 0.0 0.0 0.0 0.0 0.0 0.0 0.0 0.0 0.0 0.0 0.0 0.0 0.0 0.0 0.0 0.0 0.0 0.0 0.0 0.0 0.0 0.0 0.0 0.0 0.0 0.0 0.0 0.0 0.0 0.0 0.0 0.0 0.0 0.0 0.0 0.0 0.0 0.0 0.0 0.0 0.0 0.0 0.0 0.0 0.0 0.0 0.0 0.0 0.0 0.0 0.0 0.0 0.0 0.0 0.0 0.0 0.0 80.79096734140843
48.645277953902976 98.82971005304157 69.20259604820083 18.253481633176705 0.0 0.0 0.0 0.0 0.0 0.0 0.0 0.0 0.0 0.0 0.0 0.0 0.0 0.0 0.0 0.0 0.0 0.0 0.0 0.0 0.0 0.0 0.0 0.0 0.0 0.0 0.0 0.0 0.0 0.0 0.0 0.0 0.0 0.0 0.0 0.0 0.0 0.0 0.0 0.0 0.0 0.0 0.0 0.0 0.0 0.0 0.0 0.0 0.0 0.0 0.0 0.0 0.0 0.0 0.0 0.0 0.0 0.0 0.0 0.0 0.0 0.0 0.0 0.0 0.0 0.0 0.0 0.0 0.0 0.0 0.0 0.8018551729849555
1.3545872484299615 95.63866943553697 85.37358104278337 30.527421816054556 1.655006680981408 0.0 0.0 0.0 0.0 0.0 0.0 0.0 0.0 0.0 0.0 0.0 0.0 0.0 0.0 0.0 0.0 0.0 0.0 0.0 0.0 0.0 0.0 0.0 0.0 0.0 0.0 0.0 0.0 0.0 0.0 0.0 0.0 0.0 0.0 0.0 0.0 0.0 0.0 0.0 0.0 0.0 0.0 0.0 0.0 0.0 0.0 0.0 0.0 0.0 0.0 0.0 0.0 0.0 0.0 0.0 0.0 0.0 0.0 0.0 0.0 0.0 0.0 0.0 0.0 0.0 0.0 0.0 0.0 0.0 0.0 48.16548156397275
21.951200028874986 57.34572491691521 86.29883216015722 83.91938442763515 14.927955179146114 77.71804969744156 0.0 0.0 0.0 0.0 0.0 0.0 0.0 0.0 0.0 0.0 0.0 0.0 0.0 0.0 0.0 0.0 0.0 0.0 0.0 0.0 0.0 0.0 0.0 0.0 0.0 0.0 0.0 0.0 0.0 0.0 0.0 0.0 0.0 0.0 0.0 0.0 0.0 0.0 0.0 0.0 0.0 0.0 0.0 0.0 0.0 0.0 0.0 0.0 0.0 0.0 0.0 0.0 0.0 0.0 0.0 0.0 0.0 0.0 0.0 0.0 0.0 0.0 0.0 0.0 0.0 0.0 0.0 0.0 0.0 35.661452460787615
60.80451959546704 87.07179713920901 78.34116040905975 81.6919630592513 53.10787055388448 29.800815335700737 80.39854832478338 0.0 0.0 0.0 0.0 0.0 0.0 0.0 0.0 0.0 0.0 0.0 0.0 0.0 0.0 0.0 0.0 0.0 0.0 0.0 0.0 0.0 0.0 0.0 0.0 0.0 0.0 0.0 0.0 0.0 0.0 0.0 0.0 0.0 0.0 0.0 0.0 0.0 0.0 0.0 0.0 0.0 0.0 0.0 0.0 0.0 0.0 0.0 0.0 0.0 0.0 0.0 0.0 0.0 0.0 0.0 0.0 0.0 0.0 0.0 0.0 0.0 0.0 0.0 0.0 0.0 0.0 0.0 0.0 56.255608830179725
52.86648351989926 65.62296327420115 10.129389852549664 76.12488529452841 39.900129809274866 3.89097758719662 54.45846227447301 15.476832464887025 0.0 0.0 0.0 0.0 0.0 0.0 0.0 0.0 0.0 0.0 0.0 0.0 0.0 0.0 0.0 0.0 0.0 0.0 0.0 0.0 0.0 0.0 0.0 0.0 0.0 0.0 0.0 0.0 0.0 0.0 0.0 0.0 0.0 0.0 0.0 0.0 0.0 0.0 0.0 0.0 0.0 0.0 0.0 0.0 0.0 0.0 0.0 0.0 0.0 0.0 0.0 0.0 0.0 0.0 0.0 0.0 0.0 0.0 0.0 0.0 0.0 0.0 0.0 0.0 0.0 0.0 0.0 55.863966399811574
9.919519974322466 26.934236415735292 49.66424641099918 23.242261243334173 41.984199226961294 38.8512500344428 15.063619925205263 8.895562958408831 23.31975583171596 0.0 0.0 0.0 0.0 0.0 0.0 0.0 0.0 0.0 0.0 0.0 0.0 0.0 0.0 0.0 0.0 0.0 0.0 0.0 0.0 0.0 0.0 0.0 0.0 0.0 0.0 0.0 0.0 0.0 0.0 0.0 0.0 0.0 0.0 0.0 0.0 0.0 0.0 0.0 0.0 0.0 0.0 0.0 0.0 0.0 0.0 0.0 0.0 0.0 0.0 0.0 0.0 0.0 0.0 0.0 0.0 0.0 0.0 0.0 0.0 0.0 0.0 0.0 0.0 0.0 0.0 43.18673144524078
18.96287034457863 43.59020566001285 6.957405099399539 94.86043140581887 50.73699930892904 73.88032565934715 60.08894712324274 49.83044203402124 90.97001081145643 40.77909400305912 0.0 0.0 0.0 0.0 0.0 0.0 0.0 0.0 0.0 0.0 0.0 0.0 0.0 0.0 0.0 0.0 0.0 0.0 0.0 0.0 0.0 0.0 0.0 0.0 0.0 0.0 0.0 0.0 0.0 0.0 0.0 0.0 0.0 0.0 0.0 0.0 0.0 0.0 0.0 0.0 0.0 0.0 0.0 0.0 0.0 0.0 0.0 0.0 0.0 0.0 0.0 0.0 0.0 0.0 0.0 0.0 0.0 0.0 0.0 0.0 0.0 0.0 0.0 0.0 0.0 41.617915123856164
7.666751878827416 88.71658155317343 50.84716941987371 71.65571659666143 87.49814994102107 78.75710601130478 29.642857005712564 94.94333026270742 15.607021282384038 40.484918672798166 24.919834293635944 0.0 0.0 0.0 0.0 0.0 0.0 0.0 0.0 0.0 0.0 0.0 0.0 0.0 0.0 0.0 0.0 0.0 0.0 0.0 0.0 0.0 0.0 0.0 0.0 0.0 0.0 0.0 0.0 0.0 0.0 0.0 0.0 0.0 0.0 0.0 0.0 0.0 0.0 0.0 0.0 0.0 0.0 0.0 0.0 0.0 0.0 0.0 0.0 0.0 0.0 0.0 0.0 0.0 0.0 0.0 0.0 0.0 0.0 0.0 0.0 0.0 0.0 0.0 0.0 21.526834949947983
94.45048197865874 57.974639649992454 57.524695941544266 87.48765409280458 17.515196462475092 26.81575848114828 1.6380232825887187 16.12608332733716 92.16712811967852 67.45570471930607 12.819040017774864 75.71931393865692 0.0 0.0 0.0 0.0 0.0 0.0 0.0 0.0 0.0 0.0 0.0 0.0 0.0 0.0 0.0 0.0 0.0 0.0 0.0 0.0 0.0 0.0 0.0 0.0 0.0 0.0 0.0 0.0 0.0 0.0 0.0 0.0 0.0 0.0 0.0 0.0 0.0 0.0 0.0 0.0 0.0 0.0 0.0 0.0 0.0 0.0 0.0 0.0 0.0 0.0 0.0 0.0 0.0 0.0 0.0 0.0 0.0 0.0 0.0 0.0 0.0 0.0 0.0 33.5363913657943
47.081843825882345 12.255349201233356 23.822826820634578 96.48127500674272 82.4819502902106 78.685646127253 0.05668480351003202 19.80439843984665 94.8578987847246 95.65471594825561 79.41590463339342 67.14788441078244 14.227484660350553 0.0 0.0 0.0 0.0 0.0 0.0 0.0 0.0 0.0 0.0 0.0 0.0 0.0 0.0 0.0 0.0 0.0 0.0 0.0 0.0 0.0 0.0 0.0 0.0 0.0 0.0 0.0 0.0 0.0 0.0 0.0 0.0 0.0 0.0 0.0 0.0 0.0 0.0 0.0 0.0 0.0 0.0 0.0 0.0 0.0 0.0 0.0 0.0 0.0 0.0 0.0 0.0 0.0 0.0 0.0 0.0 0.0 0.0 0.0 0.0 0.0 0.0 51.07641360130334
26.36675248955832 62.373359277441054 85.83437311293198 88.52174799222932 96.33846677993728 33.73641675433197 13.896406916685278 65.21558681596208 15.692536279783042 0.7942213159063738 89.05762985562168 80.41691205290377 33.849383093390784 60.73866575371001 0.0 0.0 0.0 0.0 0.0 0.0 0.0 0.0 0.0 0.0 0.0 0.0 0.0 0.0 0.0 0.0 0.0 0.0 0.0 0.0 0.0 0.0 0.0 0.0 0.0 0.0 0.0 0.0 0.0 0.0 0.0 0.0 0.0 0.0 0.0 0.0 0.0 0.0 0.0 0.0 0.0 0.0 0.0 0.0 0.0 0.0 0.0 0.0 0.0 0.0 0.0 0.0 0.0 0.0 0.0 0.0 0.0 0.0 0.0 0.0 0.0 85.06952758797266
99.6739518214218 81.9748844758549 56.72658797157162 77.51215561238885 15.386938079219325 91.47685664987368 39.78228268958895 32.7759899360719 52.17763651726829 22.53430414278571 67.97659082420617 39.06045825079255 46.75617829016298 27.97984428622009 21.840655614757367 0.0 0.0 0.0 0.0 0.0 0.0 0.0 0.0 0.0 0.0 0.0 0.0 0.0 0.0 0.0 0.0 0.0 0.0 0.0 0.0 0.0 0.0 0.0 0.0 0.0 0.0 0.0 0.0 0.0 0.0 0.0 0.0 0.0 0.0 0.0 0.0 0.0 0.0 0.0 0.0 0.0 0.0 0.0 0.0 0.0 0.0 0.0 0.0 0.0 0.0 0.0 0.0 0.0 0.0 0.0 0.0 0.0 0.0 0.0 0.0 2.80533244421195
6.292182383150524 31.07840035680732 53.3514143287609 13.756223360500986 76.73851510489834 27.092937925062277 27.329745105416904 89.77567350381601 33.122453329040646 28.000593012684693 58.72111284497692 48.54642032170597 37.510451512875576 57.320317580279635 96.98250833720594 17.4736206978474 0.0 0.0 0.0 0.0 0.0 0.0 0.0 0.0 0.0 0.0 0.0 0.0 0.0 0.0 0.0 0.0 0.0 0.0 0.0 0.0 0.0 0.0 0.0 0.0 0.0 0.0 0.0 0.0 0.0 0.0 0.0 0.0 0.0 0.0 0.0 0.0 0.0 0.0 0.0 0.0 0.0 0.0 0.0 0.0 0.0 0.0 0.0 0.0 0.0 0.0 0.0 0.0 0.0 0.0 0.0 0.0 0.0 0.0 0.0 97.16906085059593
67.73570213316061 59.678288622383626 85.37793002465604 95.3860207873879 98.04438877845857 71.39153171874266 19.981531293029086 60.48190011104434 7.938066011448585 21.18634131176873 23.72433817526002 84.73410811508668 29.214760717905875 12.11051205951862 77.10775241593404 4.251441117376398 50.24776450302005 0.0 0.0 0.0 0.0 0.0 0.0 0.0 0.0 0.0 0.0 0.0 0.0 0.0 0.0 0.0 0.0 0.0 0.0 0.0 0.0 0.0 0.0 0.0 0.0 0.0 0.0 0.0 0.0 0.0 0.0 0.0 0.0 0.0 0.0 0.0 0.0 0.0 0.0 0.0 0.0 0.0 0.0 0.0 0.0 0.0 0.0 0.0 0.0 0.0 0.0 0.0 0.0 0.0 0.0 0.0 0.0 0.0 0.0 39.6068315636098
23.548532533778122 3.2788456318378345 6.883157784293514 2.2051908587162994 82.63546529012469 11.978359926510363 87.41063340428605 17.496644697633823 39.716704063126784 25.423683123186457 71.84990211802598 89.14437796649122 48.90576573462888 83.36220694833577 16.51763850912914 46.56553798218784 3.8793925689881603 15.239754901618863 0.0 0.0 0.0 0.0 0.0 0.0 0.0 0.0 0.0 0.0 0.0 0.0 0.0 0.0 0.0 0.0 0.0 0.0 0.0 0.0 0.0 0.0 0.0 0.0 0.0 0.0 0.0 0.0 0.0 0.0 0.0 0.0 0.0 0.0 0.0 0.0 0.0 0.0 0.0 0.0 0.0 0.0 0.0 0.0 0.0 0.0 0.0 0.0 0.0 0.0 0.0 0.0 0.0 0.0 0.0 0.0 0.0 63.687612751530374
57.92169677144042 76.25057177331793 73.04965183276062 3.1292692038538905 99.18472248985827 94.83520139516702 45.75920099824353 37.407700151973735 47.29864767772081 40.79105090517705 73.38300424284131 6.0505745807497675 53.837092125286325 63.392798659585736 56.21401922265474 5.03532478440748 47.05966598396449 79.1171094562597 85.28958501884972 0.0 0.0 0.0 0.0 0.0 0.0 0.0 0.0 0.0 0.0 0.0 0.0 0.0 0.0 0.0 0.0 0.0 0.0 0.0 0.0 0.0 0.0 0.0 0.0 0.0 0.0 0.0 0.0 0.0 0.0 0.0 0.0 0.0 0.0 0.0 0.0 0.0 0.0 0.0 0.0 0.0 0.0 0.0 0.0 0.0 0.0 0.0 0.0 0.0 0.0 0.0 0.0 0.0 0.0 0.0 0.0 97.52243711078367
4.899729184933221 2.7468377899986796 3.8611248550517563 49.358430568340076 39.1697299492616 73.36364326883897 46.452601586814566 38.59476124485446 32.14930873049773 80.38341707999133 92.03419824966764 82.11646447326731 70.72521378480886 65.1991167354632 10.904140114352623 94.44714590709428 30.381027410449157 72.5307072990547 81.06296060573565 43.894419203193316 0.0 0.0 0.0 0.0 0.0 0.0 0.0 0.0 0.0 0.0 0.0 0.0 0.0 0.0 0.0 0.0 0.0 0.0 0.0 0.0 0.0 0.0 0.0 0.0 0.0 0.0 0.0 0.0 0.0 0.0 0.0 0.0 0.0 0.0 0.0 0.0 0.0 0.0 0.0 0.0 0.0 0.0 0.0 0.0 0.0 0.0 0.0 0.0 0.0 0.0 0.0 0.0 0.0 0.0 0.0 71.58855849283002
52.24214037616485 99.18089175948211 99.42270707377861 24.531694657597612 67.1703678223585 13.700528965563052 67.98783778281984 54.59742027363773 45.42163557321346 63.183266493426956 6.540649948709842 20.697576879435985 26.625379568955932 11.699436306701793 55.50436558643093 61.23888804889401 90.79624548579075 34.87848874630447 81.25323234172043 68.4376556659752 25.73992042944948 0.0 0.0 0.0 0.0 0.0 0.0 0.0 0.0 0.0 0.0 0.0 0.0 0.0 0.0 0.0 0.0 0.0 0.0 0.0 0.0 0.0 0.0 0.0 0.0 0.0 0.0 0.0 0.0 0.0 0.0 0.0 0.0 0.0 0.0 0.0 0.0 0.0 0.0 0.0 0.0 0.0 0.0 0.0 0.0 0.0 0.0 0.0 0.0 0.0 0.0 0.0 0.0 0.0 0.0 25.176952141566755
33.96753109045986 40.67943503734573 84.34857703368863 52.988311220369646 24.212741857960708 34.752924159419926 6.666910726792796 41.410355801658284 96.68831630384948 75.041193695918 33.269942658162634 86.80197911766997 32.814094977004075 15.13229990896161 16.278832784574337 84.70275088108188 45.170197412134826 88.81519735575787 42.25119196444821 1.255066970680463 36.27870372623489 32.0558476454357 0.0 0.0 0.0 0.0 0.0 0.0 0.0 0.0 0.0 0.0 0.0 0.0 0.0 0.0 0.0 0.0 0.0 0.0 0.0 0.0 0.0 0.0 0.0 0.0 0.0 0.0 0.0 0.0 0.0 0.0 0.0 0.0 0.0 0.0 0.0 0.0 0.0 0.0 0.0 0.0 0.0 0.0 0.0 0.0 0.0 0.0 0.0 0.0 0.0 0.0 0.0 0.0 0.0 17.217484183954234
63.96005588018659 81.81325160708785 5.302217354188931 28.295280347388584 32.41478828527641 64.04523069353878 96.34588508371333 88.59827697923895 49.619824344065854 25.18295475849881 37.97178907327859 92.56718482124914 67.51245606396814 32.232847536380206 31.75660632798779 57.38467316286536 86.57247514750435 45.10930836824348 29.630117525798006 2.7968014891801674 48.66365791091013 57.94262890815764 88.19288315961896 0.0 0.0 0.0 0.0 0.0 0.0 0.0 0.0 0.0 0.0 0.0 0.0 0.0 0.0 0.0 0.0 0.0 0.0 0.0 0.0 0.0 0.0 0.0 0.0 0.0 0.0 0.0 0.0 0.0 0.0 0.0 0.0 0.0 0.0 0.0 0.0 0.0 0.0 0.0 0.0 0.0 0.0 0.0 0.0 0.0 0.0 0.0 0.0 0.0 0.0 0.0 0.0 26.448443900643205
74.71558845628853 39.88191524780422 77.28739852980588 64.75044455915764 44.4168245316669 36.16271409525697 93.94881694287692 90.33132420157573 73.7818785638448 2.8066177724781927 5.615267719319439 86.2865761264574 58.27077246558361 39.042836248196956 22.356688762261257 54.723718505610954 14.081484977020153 50.38934274035687 76.88493354887179 62.51139631524728 68.30187527682754 22.303880557550947 73.23696024794947 0.6760698318369562 0.0 0.0 0.0 0.0 0.0 0.0 0.0 0.0 0.0 0.0 0.0 0.0 0.0 0.0 0.0 0.0 0.0 0.0 0.0 0.0 0.0 0.0 0.0 0.0 0.0 0.0 0.0 0.0 0.0 0.0 0.0 0.0 0.0 0.0 0.0 0.0 0.0 0.0 0.0 0.0 0.0 0.0 0.0 0.0 0.0 0.0 0.0 0.0 0.0 0.0 0.0 19.799178793865877
9.412764454135658 50.276661090877205 35.54988500139138 17.041486510257776 48.548066042633224 94.53990639288338 59.558517423092724 76.48713692311006 85.17142185819928 28.451229093770756 7.4479850587540035 95.74421424895128 62.23538920683374 94.56951717182838 89.78447564607596 99.39389683439875 58.13088868305477 54.273945888515506 9.721492274065335 92.18770410715494 76.09195477497019 20.180321536545588 71.31374045646761 84.27011682184346 81.27667042751862 0.0 0.0 0.0 0.0 0.0 0.0 0.0 0.0 0.0 0.0 0.0 0.0 0.0 0.0 0.0 0.0 0.0 0.0 0.0 0.0 0.0 0.0 0.0 0.0 0.0 0.0 0.0 0.0 0.0 0.0 0.0 0.0 0.0 0.0 0.0 0.0 0.0 0.0 0.0 0.0 0.0 0.0 0.0 0.0 0.0 0.0 0.0 0.0 0.0 0.0 45.581909941378676
58.067291953746235 96.14453124054997 53.71581463020597 1.3377147180574922 58.95078971576739 47.291756705128904 75.41839360311745 80.88508648446667 45.75258857908291 81.66684852184363 98.14593346038006 87.43245209590218 60.45383822081837 85.74133896844731 44.714966286514965 73.89185696465658 54.19774245611673 10.324396678980962 81.15993873914282 25.739909191807698 30.47034129986298 16.087870243784753 59.68629105064386 99.74965223049053 84.26831724833043 24.536500447191457 0.0 0.0 0.0 0.0 0.0 0.0 0.0 0.0 0.0 0.0 0.0 0.0 0.0 0.0 0.0 0.0 0.0 0.0 0.0 0.0 0.0 0.0 0.0 0.0 0.0 0.0 0.0 0.0 0.0 0.0 0.0 0.0 0.0 0.0 0.0 0.0 0.0 0.0 0.0 0.0 0.0 0.0 0.0 0.0 0.0 0.0 0.0 0.0 0.0 73.06621916250488
57.41474646076613 96.31451752186354 71.10608090365145 79.97719367413636 60.89130608110334 36.79199182657317 25.138697510356934 57.75606865427062 31.41159557327412 56.60254786508443 62.675591727045735 14.139161365718822 5.377730410995074 95.81595001006063 52.32461310704461 42.78144080602138 61.72240064631295 18.761062869862666 41.900633366247256 38.69552931624827 35.627573161634615 93.12038002620866 14.10368162814979 99.22396839681035 78.32102888166095 66.42455202476371 13.190962595957789 0.0 0.0 0.0 0.0 0.0 0.0 0.0 0.0 0.0 0.0 0.0 0.0 0.0 0.0 0.0 0.0 0.0 0.0 0.0 0.0 0.0 0.0 0.0 0.0 0.0 0.0 0.0 0.0 0.0 0.0 0.0 0.0 0.0 0.0 0.0 0.0 0.0 0.0 0.0 0.0 0.0 0.0 0.0 0.0 0.0 0.0 0.0 0.0 23.7557502932495
70.42445360818365 57.50368310703355 31.41539141142733 91.12088661898238 47.20579524498197 72.73729722529484 83.94456754477264 37.444345112437496 48.09240564494645 77.35505806760649 94.0406324531727 79.21342301313932 59.93048658701853 0.5754891412887764 56.472805145442805 26.410187327534995 83.7301705364929 30.030048618307937 46.45078226413847 8.78337544010861 18.014570818526632 55.705136527768474 93.80862484373002 94.68172965862495 18.39494819137617 56.54470759038269 47.735178880346375 16.343409055439196 0.0 0.0 0.0 0.0 0.0 0.0 0.0 0.0 0.0 0.0 0.0 0.0 0.0 0.0 0.0 0.0 0.0 0.0 0.0 0.0 0.0 0.0 0.0 0.0 0.0 0.0 0.0 0.0 0.0 0.0 0.0 0.0 0.0 0.0 0.0 0.0 0.0 0.0 0.0 0.0 0.0 0.0 0.0 0.0 0.0 0.0 0.0 62.62314599290034
83.89136994593535 16.038421219476582 28.13381134424463 23.12622830882497 85.10396855183163 74.74757527768779 14.946757106437724 24.907315653181406 27.974811768910556 8.798247790788572 36.831648722054524 45.700349943409 31.97989910970829 62.612216005333934 42.881921337320094 97.39558329536264 85.93059680253647 50.57492645931559 12.517657909043534 13.006381780793141 33.25541370986973 1.7301563638808748 85.51802478499486 51.8268859945134 35.925684848487336 90.45272302770658 23.50672306197478 26.9339828454499 85.94908521252061 0.0 0.0 0.0 0.0 0.0 0.0 0.0 0.0 0.0 0.0 0.0 0.0 0.0 0.0 0.0 0.0 0.0 0.0 0.0 0.0 0.0 0.0 0.0 0.0 0.0 0.0 0.0 0.0 0.0 0.0 0.0 0.0 0.0 0.0 0.0 0.0 0.0 0.0 0.0 0.0 0.0 0.0 0.0 0.0 0.0 0.0 35.42645972784402
5.066397104834275 53.81591741510642 19.390097968770327 32.946211909134185 94.25553301200118 16.663830718039197 2.03670532523178 27.378867261395236 38.02407277609764 49.741344605854955 98.11769174136916 11.559941600380252 41.87162434107113 35.251289649312135 3.8851832528824737 92.96861958538288 45.064778601072575 26.24755017398802 26.412094011169707 57.7155277636655 66.82773506760209 13.393884041564053 14.614427430801003 13.693989626798809 23.143066260682744 67.75052882618874 4.293431601790843 96.68681305586387 20.147113714564714 8.273265330712732 0.0 0.0 0.0 0.0 0.0 0.0 0.0 0.0 0.0 0.0 0.0 0.0 0.0 0.0 0.0 0.0 0.0 0.0 0.0 0.0 0.0 0.0 0.0 0.0 0.0 0.0 0.0 0.0 0.0 0.0 0.0 0.0 0.0 0.0 0.0 0.0 0.0 0.0 0.0 0.0 0.0 0.0 0.0 0.0 0.0 21.9028317380494
78.78720695379094 14.577196888008226 62.3385542249043 2.7814837078658727 27.183691493020458 94.32539761321036 10.362242955433409 18.751980509746524 23.175364864881974 72.87642820706058 31.458247382426695 77.27085933659845 66.2252640559618 10.25468956936516 96.08754434962685 49.72623025322024 55.92595551776392 70.07828363111064 83.77667520743977 10.013854654473441 65.94290916881396 97.41545196093 39.23890817226455 16.182741408689473 98.31763554219994 55.361479944943035 18.61009179998018 47.726604744282 33.95390569895319 89.60186303972884 19.015134732694182 0.0 0.0 0.0 0.0 0.0 0.0 0.0 0.0 0.0 0.0 0.0 0.0 0.0 0.0 0.0 0.0 0.0 0.0 0.0 0.0 0.0 0.0 0.0 0.0 0.0 0.0 0.0 0.0 0.0 0.0 0.0 0.0 0.0 0.0 0.0 0.0 0.0 0.0 0.0 0.0 0.0 0.0 0.0 0.0 19.00763072525421
75.67687710815828 99.70010414120658 29.309963775495007 25.334128258870912 13.946252459907438 83.44622246884809 87.59772837282983 42.373855590855044 32.121100188186645 86.32467356692509 81.99688401830474 91.86993982647802 8.115286848004388 32.00807098517724 85.14275799948415 7.036436066929042 62.348935769745864 31.75571390876295 70.0330278111415 79.5458100676126 48.09272796783305 70.69363133486087 15.081544451235107 46.680668434733285 79.61821650156918 47.17546458619458 69.623740094852 82.007332432123 46.0087967962046 97.7711914129468 17.62082846023253 85.83893674912055 0.0 0.0 0.0 0.0 0.0 0.0 0.0 0.0 0.0 0.0 0.0 0.0 0.0 0.0 0.0 0.0 0.0 0.0 0.0 0.0 0.0 0.0 0.0 0.0 0.0 0.0 0.0 0.0 0.0 0.0 0.0 0.0 0.0 0.0 0.0 0.0 0.0 0.0 0.0 0.0 0.0 0.0 0.0 64.05235272540443
74.90334682622975 46.93891451045759 32.79089087251362 82.32798882078927 56.748055381392184 4.332994365724407 22.891756090171167 60.415698572844335 59.74081814494719 92.14476266341569 99.99767042581836 12.099188210960177 92.87470828362788 41.72705027836597 46.668663694220044 19.498529570757263 39.95122839292083 80.73661414570722 38.200347188401665 96.26067138987253 81.04178044176606 96.69090781459502 40.16460134043782 2.252272942868372 67.6403226964748 87.56336140181382 63.598061758033545 89.64071663245726 47.33548174156736 81.69564198356883 49.88737611724089 90.8156008751328 93.30299974632908 0.0 0.0 0.0 0.0 0.0 0.0 0.0 0.0 0.0 0.0 0.0 0.0 0.0 0.0 0.0 0.0 0.0 0.0 0.0 0.0 0.0 0.0 0.0 0.0 0.0 0.0 0.0 0.0 0.0 0.0 0.0 0.0 0.0 0.0 0.0 0.0 0.0 0.0 0.0 0.0 0.0 0.0 3.934190719267394
43.43529400115806 42.29434595167404 31.51709581654253 62.652346616577724 24.351885412998385 75.57203016762506 74.30194468853978 33.198194803384226 15.700305059520648 95.81691664276048 62.69216176799589 17.312183219986345 50.23665972769845 12.379615443786063 92.0437875376052 65.1875357840145 80.1187279462289 81.27510737427406 45.43500570301706 57.10027961981088 39.71840989509982 69.11342031794577 87.61838923030655 54.91473250723573 26.457952528844388 50.395994588980074 78.63419831822215 50.27409043508621 47.50016285941147 5.661329105046498 50.66688463347073 55.91474766534342 91.15793169812207 96.65477974960112 0.0 0.0 0.0 0.0 0.0 0.0 0.0 0.0 0.0 0.0 0.0 0.0 0.0 0.0 0.0 0.0 0.0 0.0 0.0 0.0 0.0 0.0 0.0 0.0 0.0 0.0 0.0 0.0 0.0 0.0 0.0 0.0 0.0 0.0 0.0 0.0 0.0 0.0 0.0 0.0 0.0 54.32458516503185
9.296845200751047 21.048634598065384 56.51386782726573 21.244109211139637 83.62245383347397 58.304018012149626 47.90184754626219 8.77151723329347 30.316710333308095 12.556451901773414 10.088641059889092 89.44105282043694 9.17613831999371 45.95748071130341 37.169743167795275 23.072918803279798 97.64228107423232 6.1448529769816185 3.9300079225905837 2.532920402958938 9.037660916718181 43.85929823766996 83.30071075577642 95.54477922467836 91.10505121106846 38.8224972083648 79.92463728608345 14.418475078476966 20.8198670866247 93.52287838952412 38.03540573037495 33.15572270893947 59.19945361439076 18.715984989210142 68.6735498540796 0.0 0.0 0.0 0.0 0.0 0.0 0.0 0.0 0.0 0.0 0.0 0.0 0.0 0.0 0.0 0.0 0.0 0.0 0.0 0.0 0.0 0.0 0.0 0.0 0.0 0.0 0.0 0.0 0.0 0.0 0.0 0.0 0.0 0.0 0.0 0.0 0.0 0.0 0.0 0.0 37.116251603416515
80.71192506436061 26.731316890731993 81.20342832229447 34.27629271248658 45.8911275862047 69.08776489599039 97.161277504766 79.0832926041008 42.89318270168817 3.454821918753559 70.6562738635498 60.008535706757726 83.98401872395091 51.65698813678235 38.862772138652126 80.12201119344336 6.3261551636973445 15.20391611617149 78.58334940653377 16.361544009381646 92.93693525819418 47.73897339372793 50.42868324112588 77.64080928427713 99.31931753902398 44.8340875878465 70.85166787033721 94.53857301983751 44.02020754635144 0.7189112795930042 64.0896282109334 64.03409469608215 97.2502769620599 98.81743956880665 11.00984916720832 41.60134410512811 0.0 0.0 0.0 0.0 0.0 0.0 0.0 0.0 0.0 0.0 0.0 0.0 0.0 0.0 0.0 0.0 0.0 0.0 0.0 0.0 0.0 0.0 0.0 0.0 0.0 0.0 0.0 0.0 0.0 0.0 0.0 0.0 0.0 0.0 0.0 0.0 0.0 0.0 0.0 80.70304562327696
48.37542160973132 29.92007838821058 19.947289860454408 73.83998266417262 52.99704677281593 95.59705217410209 58.77718796689266 7.16224074600057 98.56956365224453 27.102494519036313 33.19249533864508 11.368570158605385 77.83956885178773 52.3974677472638 49.6746136584569 82.80283489070183 26.81499078874181 88.33233086484522 38.08039574110686 20.223503191481697 34.201802898956316 58.280988449158556 65.6729647887692 85.68136316102229 99.24479684936772 6.504527537566506 34.934058596389605 43.17059699759758 55.62676640416511 58.270688910981285 20.751775648868552 32.72232957364385 49.49074182921159 17.82213187551053 74.55024579681788 44.73857531755523 58.1849501258757 0.0 0.0 0.0 0.0 0.0 0.0 0.0 0.0 0.0 0.0 0.0 0.0 0.0 0.0 0.0 0.0 0.0 0.0 0.0 0.0 0.0 0.0 0.0 0.0 0.0 0.0 0.0 0.0 0.0 0.0 0.0 0.0 0.0 0.0 0.0 0.0 0.0 0.0 92.47773026488504
73.02542993824645 69.61850106366782 62.990437777380016 80.46765577488283 17.37385315056459 11.107775262301622 43.876358365288425 62.544333745032844 95.24879666656753 68.30568092078059 47.238152018464774 92.97780457654059 2.151107353307724 10.893633855174334 88.60896791153955 94.23542124539166 81.55940194968537 94.90255469437923 91.49482712413972 21.46219857897451 83.82716347623256 92.21556363199535 30.76922686865653 77.81957612901232 62.72183437221825 36.00626307312055 44.4729665989801 29.80672054195692 25.453692795489335 16.441869755766948 1.400223888178187 92.8799287822367 27.139946360911527 96.23430595293752 63.51198495317977 32.00209609573583 53.87211970608785 54.00129441982639 0.0 0.0 0.0 0.0 0.0 0.0 0.0 0.0 0.0 0.0 0.0 0.0 0.0 0.0 0.0 0.0 0.0 0.0 0.0 0.0 0.0 0.0 0.0 0.0 0.0 0.0 0.0 0.0 0.0 0.0 0.0 0.0 0.0 0.0 0.0 0.0 0.0 62.00313933236631
49.19559711177606 69.90251422332263 4.9034001614902785 13.759679321898444 10.738357556551358 13.938105740977825 92.65185962246521 40.97762155790288 0.3343095749015146 17.1279721951776 94.73595242256619 20.87541012804367 71.40578241713477 81.05293571300601 33.5975963220441 84.71670059005724 11.596844665981221 97.87383323204506 40.48470818857698 5.7706472031614275 25.642975639418076 16.767394314744223 75.84381093904103 64.37186077053377 88.95388390222435 60.87644839652165 70.36627294239666 54.902493450156044 23.572669881779195 77.22379042905341 14.181479449238555 4.303922646945402 0.6159383088988335 58.38669298965878 88.19407479232645 4.635810425016973 78.86591651334088 9.201736111829451 1.1914490917517062 0.0 0.0 0.0 0.0 0.0 0.0 0.0 0.0 0.0 0.0 0.0 0.0 0.0 0.0 0.0 0.0 0.0 0.0 0.0 0.0 0.0 0.0 0.0 0.0 0.0 0.0 0.0 0.0 0.0 0.0 0.0 0.0 0.0 0.0 0.0 0.0 23.23532066939469
47.87694768205717 44.36724394381155 69.10141504254075 43.18956760702751 55.775260174099714 93.53331589311206 48.659011859070475 4.11943068739824 66.87218655200483 59.31704631139475 16.74525230378041 58.68305985120107 12.277531735442594 20.653251122828266 68.78952308729596 33.74257181059709 67.89110518281028 98.98859387864957 94.88129753624773 86.79757679445864 18.46689339802019 8.04972406461627 80.61565241054363 78.07428372736655 43.88572984533624 89.26367761826023 71.2010886862693 36.569208197370365 94.33874023415422 94.38143442650447 31.986932202054497 84.38152565145212 4.815229092407247 14.453187521847122 36.321651365945684 97.82835781710418 36.10510606785148 70.02655824729797 12.53218257034886 26.122425557892804 0.0 0.0 0.0 0.0 0.0 0.0 0.0 0.0 0.0 0.0 0.0 0.0 0.0 0.0 0.0 0.0 0.0 0.0 0.0 0.0 0.0 0.0 0.0 0.0 0.0 0.0 0.0 0.0 0.0 0.0 0.0 0.0 0.0 0.0 0.0 19.467314232019017
71.2866133305371 85.81836878881205 58.80161030532697 25.1821906655881 28.829213864943824 57.98548026813748 31.63518191993331 71.39703825889514 45.85688558399185 78.19168752729651 87.39157960605564 38.99061962309229 50.80905496683752 71.26627367912486 62.63776374452159 60.62368453709631 35.78613619592763 6.658293480871357 54.650375151565264 7.709078508205058 50.59963493641886 10.704261321529462 33.55402676431238 7.726310239045853 64.878062444817 47.65737344481275 3.9622688828098718 86.12195425173059 51.38114833991673 20.79968893257761 87.6818655067415 41.97861124676072 62.522453471237796 73.96257804201277 94.45124037065604 34.70156648676939 69.07317812137191 5.909656495764026 71.21903921465864 80.1637130087289 5.117572856315034 0.0 0.0 0.0 0.0 0.0 0.0 0.0 0.0 0.0 0.0 0.0 0.0 0.0 0.0 0.0 0.0 0.0 0.0 0.0 0.0 0.0 0.0 0.0 0.0 0.0 0.0 0.0 0.0 0.0 0.0 0.0 0.0 0.0 0.0 45.29034536618476
72.12898678967554 29.065674727568048 16.553090857641795 72.25108803996162 71.16228463356137 27.709523510841983 41.775964568359704 14.295166081177314 47.29904447341683 41.95083291250761 62.665681074368415 88.61096674804404 8.095336503582395 58.78526254057843 51.579342324537144 10.842450069795506 81.73262742935256 66.84224665488415 5.789698778974916 41.154478518349045 99.88150974946618 56.99979222697576 4.648170632862614 92.44959400329658 14.13183475782981 77.40075166476139 46.72690517009723 82.72167471228512 37.27642620872592 23.342402523663985 24.291575954672663 73.7859017293199 77.39582415758163 41.827529197471534 70.67922883969722 2.0032845654218145 37.476545106623504 83.00661924802804 72.50319699792824 73.1219531241279 86.20559973683581 36.30719710861198 0.0 0.0 0.0 0.0 0.0 0.0 0.0 0.0 0.0 0.0 0.0 0.0 0.0 0.0 0.0 0.0 0.0 0.0 0.0 0.0 0.0 0.0 0.0 0.0 0.0 0.0 0.0 0.0 0.0 0.0 0.0 0.0 0.0 73.07972032638634
62.986314072398656 66.619103214963 47.73772336150059 6.0686088562078355 38.61907107174404 98.44300907740566 26.669890135939845 89.04286765045124 90.06002978549674 47.24910378677299 15.344558789807216 75.54995161043003 42.34949190161896 78.95962384783078 12.412965752837657 11.199916299872148 99.17297849331051 91.76895796869418 13.016282450437055 64.41336756078375 54.937888202352894 19.21106985568818 52.2229454884621 5.684855390547039 0.43165686558345184 27.88643640959855 16.084662843425022 90.56490229282122 38.714838167234575 91.27247412961916 15.138331784539306 61.036627788335885 22.531454463496804 7.076514650689536 98.87256671661552 17.56046405943714 22.27289262429908 39.75064484008244 26.493918479557166 29.783243052473495 34.410486436649315 12.07278119148012 99.2692528274808 0.0 0.0 0.0 0.0 0.0 0.0 0.0 0.0 0.0 0.0 0.0 0.0 0.0 0.0 0.0 0.0 0.0 0.0 0.0 0.0 0.0 0.0 0.0 0.0 0.0 0.0 0.0 0.0 0.0 0.0 0.0 0.0 47.75548252658635
44.315851042999945 40.10859726014054 2.7872178539829817 47.47340239697082 64.51697283362981 4.403994052072269 3.6730817652834813 94.6599008525401 79.69188351409498 76.91805126104457 94.60763499324376 38.92125268973475 43.080756260504515 77.99144057003178 83.94231226466248 56.764107130804796 85.50109285850593 20.55555750235012 81.7690071866912 46.42989135201322 17.779590227205134 9.822703388617427 42.99454752589021 40.10142948074845 30.168206760873172 5.857821931974838 89.78613837423053 39.75927717585639 18.190839835029383 23.717477688903166 50.69551314875127 1.8128462646001875 93.37092628328271 41.251898421917424 21.83595902482218 92.60413688470464 69.41919212751144 8.201043367610982 76.67774435139341 11.979502187255676 49.71467057377637 1.8758690739385742 25.343921341968123 35.34750680857447 0.0 0.0 0.0 0.0 0.0 0.0 0.0 0.0 0.0 0.0 0.0 0.0 0.0 0.0 0.0 0.0 0.0 0.0 0.0 0.0 0.0 0.0 0.0 0.0 0.0 0.0 0.0 0.0 0.0 0.0 0.0 80.29104234478973
54.501042428599234 51.72985439534651 55.98868399272771 74.0442374195998 85.20560826017581 37.336268376030155 18.855533026565872 56.50612434646533 5.683154113952982 14.396961143002041 24.698865140126415 31.283081461838435 32.70328942106979 77.69879662424695 49.07917158333658 14.137064109065411 32.9413277283765 24.432936963226393 64.66943666516347 38.69079007109878 46.00324186144496 84.48273803231021 77.22836966395715 93.86745064013705 80.05816940812421 49.745083498316426 85.72077905860633 13.429401331414347 51.15078154939335 10.398386193772936 55.28441478233405 1.3590503159635947 42.05113459253187 58.471858510009476 48.09026927087693 43.329191070691564 89.4096492358364 24.63708446551155 91.61601722139541 24.13882231486405 69.02011127351322 72.83429878606586 76.44986053788581 43.74453389679789 38.15367915435572 0.0 0.0 0.0 0.0 0.0 0.0 0.0 0.0 0.0 0.0 0.0 0.0 0.0 0.0 0.0 0.0 0.0 0.0 0.0 0.0 0.0 0.0 0.0 0.0 0.0 0.0 0.0 0.0 0.0 0.0 89.16222985277946
66.46479117354286 0.39629335278411615 11.21207781858068 66.40173279752314 73.05085968467625 88.39049572498779 90.3583189531805 3.609861953299587 92.06574228787365 40.08199633179724 46.31839734595518 11.412433793662846 27.261535876679023 27.05074114908499 46.20762933432886 37.939531792126914 27.16838758459903 23.697540793979044 55.02041680110465 7.789833101821076 43.76316684870128 28.047428788336106 95.33238032650078 96.97601313120595 80.72414003007938 29.167956461338317 35.79898263216641 50.4949063211225 36.67015136604341 8.363674237063634 93.19488831293897 85.98252202808999 64.50557255703103 62.18695151501602 75.02349427493459 16.855372293836833 61.83984237664117 39.309235122581974 60.13619360451978 71.40604820594018 79.42319158815083 90.4256754854292 13.33612001085559 80.51231381814709 84.63767074904065 40.62003589646553 0.0 0.0 0.0 0.0 0.0 0.0 0.0 0.0 0.0 0.0 0.0 0.0 0.0 0.0 0.0 0.0 0.0 0.0 0.0 0.0 0.0 0.0 0.0 0.0 0.0 0.0 0.0 0.0 0.0 56.60123087492974
55.93544091247142 45.30535943463 6.995652993487389 74.3468180153962 83.62488159271226 5.423252053063976 0.8821473765552756 13.057588522898945 12.012846124440857 8.906951669377117 73.55648193984861 46.654747672149824 23.973640437923983 90.02302616140594 87.17086623194112 18.12350704317286 42.93915938202919 89.91242088391874 18.458934815194215 35.211759418587555 38.603251321736046 77.45513330489034 31.79549229197124 93.42071917671659 65.71408142395634 49.69885814420398 90.31407982528982 23.043505730510084 90.64508176257927 62.17208157503249 9.04045706716403 8.667794587819666 34.751420791113894 92.62469449701678 92.3790686994501 9.343881627674545 90.96035841602821 73.08687597902424 39.79340955871279 15.529546390054339 50.61027452798101 34.60966140937089 48.15017136832947 14.958364874800644 11.24451625755103 96.64822439049054 86.95088517731048 0.0 0.0 0.0 0.0 0.0 0.0 0.0 0.0 0.0 0.0 0.0 0.0 0.0 0.0 0.0 0.0 0.0 0.0 0.0 0.0 0.0 0.0 0.0 0.0 0.0 0.0 0.0 0.0 3.7382106975288987
22.882693151645782 98.77163386613962 73.55374982819862 71.27188751945012 70.2333484822542 16.23041972061837 29.49220035582951 8.001942367285919 81.3784707034532 22.885987674282326 56.12571188955151 33.51689909300889 99.65158396680538 65.10357847305825 28.1121725995521 19.21631799271959 54.7476727586242 88.43308799339717 66.57016171411846 84.51719425667943 21.544526961826506 15.249785088309187 20.30330483319537 78.49442135135834 60.68154097369275 5.999529465091236 53.08779007330451 19.883170434119045 93.63338362476597 49.29084682790311 7.778071786388219 57.53117479973881 76.8323877921638 16.798787429207195 93.86467727370322 30.674130680940902 4.334878024045874 87.79322276020287 24.121895867837896 53.81750299458825 86.59310722225177 95.07684322992651 8.112131403917122 24.543236983010843 24.085820222453723 69.21578167923988 95.56748528757201 54.22000062868014 0.0 0.0 0.0 0.0 0.0 0.0 0.0 0.0 0.0 0.0 0.0 0.0 0.0 0.0 0.0 0.0 0.0 0.0 0.0 0.0 0.0 0.0 0.0 0.0 0.0 0.0 0.0 18.876941384134437
61.16847662740139 51.04816257770338 51.38077021195 44.61321491447193 4.76600392741161 32.78110921150683 45.44168385505739 26.03809819320173 39.96979353334201 43.2112344541274 24.47129522425371 62.790559069411024 55.4302663072456 16.551487923134367 74.87947548130437 69.07387850318551 24.592653028946486 9.496930217587918 53.180376156565934 90.7209446221881 3.443810896947219 65.27187948210133 90.3940505462198 4.2489192515209995 29.966605842025995 28.308118419041595 28.186444128809786 98.6875990173976 15.466040680228211 97.10600285651134 12.507651382378482 90.28217144274844 46.15394640189343 16.209301309832547 25.273475073700645 22.61246847264443 19.726768882165103 24.728431917846127 17.545509952804828 60.2372604904992 26.14355695903523 98.47570648253875 18.700067238355278 92.66349539323852 44.40902990385581 45.53007419830458 35.23650072134919 27.256833597771845 67.88910789017395 0.0 0.0 0.0 0.0 0.0 0.0 0.0 0.0 0.0 0.0 0.0 0.0 0.0 0.0 0.0 0.0 0.0 0.0 0.0 0.0 0.0 0.0 0.0 0.0 0.0 0.0 40.927800724950416
20.16056192042025 64.65120150974306 89.53410035430741 15.179365074165263 89.28864321853858 18.281523069590488 75.3572844801023 43.441827879785656 84.35384839343945 60.855185702166324 29.61432540633615 17.42979052991328 34.45508575813147 54.89416376536399 8.351637828508995 20.52697585551051 47.17542431325189 51.92121141222425 69.3394071705515 68.06438481295619 68.60619170132227 25.42986750800622 55.87771005660975 19.359852811965126 87.54840992961039 36.46944417868975 99.56176149007607 15.867809428147439 23.323350038070465 17.492605323122735 92.81503071674524 50.66683370773735 28.909083669522005 0.05450451150136315 25.846567812576804 28.516645625838844 61.53015626941617 5.018892129685614 4.661618933540524 32.84494456699868 21.36258004703009 60.1179689102789 66.85214461929127 76.278525459132 35.67654289194735 9.02923444125654 90.11664554925825 74.71190749256287 70.52438675633854 28.573903031590085 0.0 0.0 0.0 0.0 0.0 0.0 0.0 0.0 0.0 0.0 0.0 0.0 0.0 0.0 0.0 0.0 0.0 0.0 0.0 0.0 0.0 0.0 0.0 0.0 0.0 44.80626836210173
51.41072834864392 84.99153750577725 76.20793346400569 76.26682498188873 47.27593704190183 4.0632647666627335 48.66809333822866 15.344076583979916 86.14885705458573 75.32025094399721 44.451882543902755 6.142209695061074 19.915959421653017 91.9611887876304 87.75157688106722 8.973151567171023 57.17623862092122 10.060687763286236 89.52899679786931 83.40699349616297 61.36284437229501 61.505980352390935 92.60910946971302 81.43144232077547 89.46465301553319 65.71608058636464 71.98686843272726 83.95093472193463 30.872287670912602 73.03219586952764 38.98318603863334 95.20360858610988 97.37702981575814 30.57829071708329 28.452305703300162 69.14706587762734 9.979984042618273 47.425976908660076 31.934237818759236 79.46147968923445 25.922732799552428 50.05795044180332 76.46236018937303 60.541261300914805 50.22967252919691 61.40939750368282 38.677653648847 40.694163490254645 80.05605267508277 7.176967668954337 26.96747724606754 0.0 0.0 0.0 0.0 0.0 0.0 0.0 0.0 0.0 0.0 0.0 0.0 0.0 0.0 0.0 0.0 0.0 0.0 0.0 0.0 0.0 0.0 0.0 0.0 60.739330161705894
37.264739554082006 51.620010523121564 60.53820160783236 21.29351092477112 54.90854643545592 91.73899753991034 23.64737654251251 30.257241386775636 96.67394310577903 93.50115694881693 75.66255269169503 28.360513855395208 4.8458264350449305 36.69351730929048 53.18032362039866 55.10009790147335 91.98193657332155 46.01872148596555 9.130437267526869 79.99827690865284 14.2394563005783 25.20913669497218 95.60638225096201 64.83552116666289 90.17517130209501 78.21990058090316 12.105142733844087 41.357183483503555 57.844538146997884 96.97175987935618 8.925285425185248 85.92701199414782 95.15384820797502 18.64965658390404 56.663927078262034 47.69789884197162 63.67365640689062 7.223218696183986 67.06954977349007 40.09297767600087 74.50048932247675 93.64044872029798 77.94899790198639 36.73779694050327 16.257769449022486 17.05602820217582 95.39347199476808 22.45698917587623 29.955821213545562 45.490895980727366 20.279660659503683 37.54647849946306 0.0 0.0 0.0 0.0 0.0 0.0 0.0 0.0 0.0 0.0 0.0 0.0 0.0 0.0 0.0 0.0 0.0 0.0 0.0 0.0 0.0 0.0 0.0 63.18470311890872
18.479835739016202 72.81860154364269 19.254954692433824 86.99252699858248 46.548964829019646 68.8662864279828 88.25598261560256 12.805842592355265 22.77526758407713 94.77634976249314 49.864774088012176 3.877540267883517 50.21533013297563 73.76670966029322 79.85130949602438 36.00167592984738 65.65072119860609 16.088320021378777 42.924143356343556 25.613486063859725 44.88253127381275 97.72566972830649 48.30690355713263 9.896792428242861 7.717775134272542 17.92503618872966 81.30212205122191 33.14989678567579 1.825533841602922 44.53794768858014 62.33471074180235 66.41496755096217 33.800818996038316 67.98364132995475 75.69007101009848 63.25482828124148 33.05934643959245 49.575809841916275 79.00941235960127 33.564969570629366 79.59654646498133 68.02523129084682 51.57761427270858 99.43750176101959 0.17928735852409394 39.121371520932925 64.5365096529995 82.34769064809194 39.198927935141 7.912413689386799 59.37923029353057 59.312594560410545 40.19955287902312 0.0 0.0 0.0 0.0 0.0 0.0 0.0 0.0 0.0 0.0 0.0 0.0 0.0 0.0 0.0 0.0 0.0 0.0 0.0 0.0 0.0 0.0 90.14453216521767
2.428826376671245 17.175257598341 32.005267770054004 70.28776367834911 42.47709133045158 28.79681060058382 99.40570655008337 47.16707202140184 36.35711476869561 72.69271538150507 32.519014142054644 55.03374539562711 22.945817948259783 18.528345378877418 91.23668830259284 77.85358015417614 19.940328475469858 4.892931863916516 91.56490783355706 17.65477269985429 89.72470716963534 42.89988155404221 19.212017135173365 73.96979889017946 70.7412411036197 89.41533551387535 2.432117846826032 40.72200567538871 99.00311983871089 47.09573219262653 30.919758664125506 29.349022343285714 50.7330015278685 64.91912042100614 90.46096584767267 82.52151254581054 21.58462074760279 32.52375656590682 94.08093201981134 51.50718704234202 20.50225321914352 84.42154296981997 29.588904425917228 72.04643445819369 96.99549823139718 56.032685680227566 10.705937067021065 88.5472647427352 39.45447801228066 62.491914008996666 14.371317670442718 44.47376713108212 79.10329925030143 3.30545933335602 0.0 0.0 0.0 0.0 0.0 0.0 0.0 0.0 0.0 0.0 0.0 0.0 0.0 0.0 0.0 0.0 0.0 0.0 0.0 0.0 0.0 10.35866674590138
77.99358128673686 9.287123777322625 31.191951825192543 40.99283213848126 36.266381182212335 83.01100740950318 61.81923348639916 88.54389072639786 49.19670214138434 82.9962203721974 42.65307964632121 75.7846985213182 84.04091524548065 67.99246044737029 43.76263515697234 81.23357889807957 35.94949134251235 86.6820276945524 81.18132776770622 14.763941771811007 96.3421674184867 16.234663699798336 34.30094522985038 91.54773524207917 80.95498521875069 26.41941946547368 72.78042030076304 62.709815408991446 92.46459903358424 92.15262214837102 65.5797930963136 9.605430723583874 38.786682408696706 77.45855922885214 4.983746125686106 85.29328086194842 27.461584489409553 92.04229019066948 41.857999559993885 91.56160351643683 8.981916131993428 78.02153420116514 94.88573965856004 12.775064704595152 47.48303082157312 18.837296758124577 66.1602003492069 88.845277200323 55.908875209793585 74.96056976560304 68.2633881507063 98.78794684323455 44.58199553407833 41.73503672410994 43.83987251747274 0.0 0.0 0.0 0.0 0.0 0.0 0.0 0.0 0.0 0.0 0.0 0.0 0.0 0.0 0.0 0.0 0.0 0.0 0.0 0.0 43.61484347319519
97.04797034272063 93.54342840548976 37.678441049574296 62.71890775939065 5.130915194282315 25.457794423307945 63.44337595564342 91.44597433773795 66.32808755489123 28.63163747761086 92.45094351661461 69.2067513619749 70.98808299871722 38.91448500964023 80.26565837437147 37.26785426294998 84.15844542867774 79.51716228638517 38.39475680323643 23.27083527654561 57.55500196869016 78.0286608473436 52.98822629458336 95.56332037644302 90.79658686290443 75.68315470339029 50.2056466020934 84.58652140043897 97.86521398501927 62.49840666044363 8.79001475847292 10.848530408021883 24.693221234097884 65.75439304811997 24.39259536927767 29.42298525705248 6.845267828668799 91.25373412736211 37.32179629663908 99.44782020089171 52.454469300168796 66.90304868989013 45.64294283146607 13.759008153930075 84.88841973111828 66.37712721305891 38.93472386592243 78.5793325130961 82.06217084679152 96.97539732194578 4.512008438423898 16.09236758113003 4.881710974777231 20.252830298992684 77.5536549990876 73.76707072989322 0.0 0.0 0.0 0.0 0.0 0.0 0.0 0.0 0.0 0.0 0.0 0.0 0.0 0.0 0.0 0.0 0.0 0.0 0.0 15.992879686490213
36.60511111274338 29.327772407762364 63.458447619350636 51.82702275280292 5.710532638475307 13.585883918401931 20.594994227402818 25.876162052272257 93.57873254912586 20.201298179619176 69.17372428237204 9.196781885896899 33.92905684392377 17.25589234641308 1.8187739905020872 55.33282970134048 66.71898182258393 98.03347665344876 35.81970807521186 11.16486917666406 69.86568332690061 87.75674055056936 85.85084385175482 82.63372153555083 31.55150974919172 6.4087370266306065 1.983006888191896 4.853434546490432 19.976740004130345 28.60875629364319 57.634371169758516 99.81967324978537 95.0207205072624 29.2663440951593 36.267102684184195 91.73618638174251 71.995064603467 54.616109698989014 57.921757726777514 89.92329254019768 91.52029629987925 12.239915660253843 7.091489453014588 42.33880335489006 71.52998899956795 30.811907115679706 71.97331478061467 8.933171187862033 17.504038540593047 0.555762764814427 81.79379643767265 3.3770890464773218 45.25545514842304 68.78245681260438 33.691729756112245 4.141137393680072 26.94265394415105 0.0 0.0 0.0 0.0 0.0 0.0 0.0 0.0 0.0 0.0 0.0 0.0 0.0 0.0 0.0 0.0 0.0 0.0 31.38071695094492
33.550495677532055 41.473503477441454 5.4518829932302175 30.761289667681403 36.20794690455044 25.513213207689056 34.89212619758051 43.51001224474012 59.63185587119118 92.59267921171613 95.66743194826311 16.883589916443796 64.93408016139276 11.72485435159355 1.4392755164597704 92.28591511682049 39.5067512898932 11.336562844141685 62.26427111781512 35.99164669329905 94.09901405825903 57.501142493070745 93.29013111548085 82.63766788963945 86.31291994385187 39.239791768793786 61.61548272053042 85.38196727361724 12.782269941381985 93.9025214267746 45.2667777577231 58.13340233220057 70.20837286469923 36.20596119885534 37.718220581728815 89.88464859384655 71.4618089986477 38.19671965344074 68.97824255215521 8.934644792564672 17.119483886331054 44.22535482529862 29.988762320137997 75.66565466333267 65.09136201346254 94.95747390881706 80.93109881000441 86.54402863059065 11.40147296323667 77.51482165265041 96.005062935537 79.14263742323404 93.72293127051499 15.030699859112605 47.345400068167756 38.2368524376254 55.92683252515652 58.220382084862045 0.0 0.0 0.0 0.0 0.0 0.0 0.0 0.0 0.0 0.0 0.0 0.0 0.0 0.0 0.0 0.0 0.0 58.96245512924698
16.40487639557805 66.69008656917156 44.00869396730863 67.94152795804716 99.06708862971591 68.11738830047076 41.82320780159616 14.608088417753851 63.528023106624 41.36767171231074 16.853046274637627 45.96365121954358 4.3384890966973515 15.435570184194013 1.389590535448515 57.41977993854703 23.1742204121712 12.523550131856876 80.30683394547104 16.705356441792162 10.4314051597175 18.85053913443787 64.80554205524237 10.794851872123601 77.86827451333976 93.27802911561766 49.73676116381787 31.8031053620646 36.87593946228669 77.79480006245511 24.13662779992707 71.01461422313889 55.340450535520205 53.686553298726004 32.04585620786876 21.563153065168063 67.56206567386539 95.12690721204959 61.25366976269567 99.75010588261392 56.32655977326484 7.9613448822513195 71.29734286201351 82.58752454529663 73.9773284156721 5.615912110033339 58.864950127117375 24.87472365691621 20.215945981661854 66.34754771466804 98.69031561921814 62.964683227606464 48.362764503129995 36.4631464274122 91.09552666798392 34.34935889094712 28.937991878307436 92.66957132519782 93.52786638057012 0.0 0.0 0.0 0.0 0.0 0.0 0.0 0.0 0.0 0.0 0.0 0.0 0.0 0.0 0.0 0.0 42.29054479082504
59.67766313004144 53.37700398908418 12.754304084652635 72.94565870526527 74.47777633321662 33.56320322058449 86.81823920575536 28.785415498927335 70.26377703164468 70.71631203655787 91.42945067290148 76.57306649230762 40.41151309654296 10.409150516589104 64.1496973291207 20.77251508871203 76.09963428913818 29.217931394559127 51.55284101092378 3.9752341045222184 72.85238440511229 89.98361423349304 49.47966483898227 4.783689498342413 58.535560577652745 69.8242166242266 24.574092458794205 50.56144026300651 41.197402552815134 74.84153572021283 76.4788249996593 87.5579578374659 60.40002352229597 57.125958677429 24.384859010698378 54.13865902847096 14.065915001036855 79.44812524183699 79.07076667115814 84.19848919822232 24.367972294184103 30.93641356775658 92.13398531698653 27.309873375045257 0.820400270273347 83.07432337105986 57.80780939697983 9.753667863857551 56.48173121196386 89.51207459044811 79.5741657888918 76.30427994392073 34.06014709231171 75.47177914129021 3.7236425734015643 46.48784772965945 2.715128676377576 32.9357983123288 65.08071085791597 91.00500609437823 0.0 0.0 0.0 0.0 0.0 0.0 0.0 0.0 0.0 0.0 0.0 0.0 0.0 0.0 0.0 93.47846778941367
36.343018698709564 86.30338170355725 84.10742543566828 51.47145224087101 20.17789939571101 21.48306604778094 15.939954781815013 96.47406443691365 14.622387666000126 37.21170173658335 55.2078725139555 99.90586867748787 18.3508520444811 79.84970157716809 37.00141253642265 5.907163757940004 98.58342083844947 86.41963484893603 13.207332953123673 46.962942309359654 47.67322878254379 58.36698164329911 43.66004873811675 30.39105346277492 92.78824105160352 32.37068596262325 25.03240785636943 1.0198539611898205 50.65847933511848 50.45267208277332 51.438909423873945 17.509648647548236 42.89463860600048 52.82686900367707 75.82178649488468 15.025954544099251 39.0442049099749 91.24468140361233 94.41306139022487 65.35170829879362 74.33642638263515 88.03531496043567 7.913299984396637 87.02929958465732 96.9775105325349 46.60567078812701 22.500484611652517 2.7523193426917447 35.89272575997641 52.85604356908931 41.38006210202775 88.98075326592398 43.9721138287276 93.78415711782188 63.30986352223816 13.632289892212313 64.16177921124499 59.49155788169859 48.38130550877297 11.7063149958496 86.15278918423441 0.0 0.0 0.0 0.0 0.0 0.0 0.0 0.0 0.0 0.0 0.0 0.0 0.0 0.0 87.87274685512627
33.310865495549294 5.826059445224985 9.954945437833029 57.458860249661704 78.59353542646608 38.93828314789016 9.3027966167469 33.204100246251365 8.092581657027885 49.7887773725458 92.62646174170133 22.44453035138748 57.98762766098394 88.29588142203649 92.22991675818326 3.825267405252475 86.47569824730587 37.573122431260394 73.35465407955148 50.68347795325404 8.217519097592396 82.10596172605668 43.96670179540932 82.19102629097645 8.244083356460873 37.46656754141262 63.39015938504164 40.50201028755198 58.88606019071209 35.95444702311169 93.32060176437086 10.216832099477013 10.261356502580787 44.67963052390358 8.286823465507664 67.66583195189806 49.9537304731304 77.85907961676948 84.2895469889188 71.83200882863564 30.738108738315272 53.47579790135419 14.130903879509226 86.17358964667038 46.555767980486095 35.9541554559128 55.858646804292164 51.17382606518379 96.41537875674362 1.1337138687823822 6.784165850798973 11.136610202331221 13.49338604890451 57.57784196806267 9.693615903920849 35.56304481220629 52.43001021192749 59.13227757742252 40.15653415264697 65.38543750766617 21.66469022142923 47.652693693445435 0.0 0.0 0.0 0.0 0.0 0.0 0.0 0.0 0.0 0.0 0.0 0.0 0.0 94.24654896143569
57.40160744481804 19.627527762974818 71.94925648475744 94.5239046643375 96.44381604574752 83.70090837142486 39.25003251872479 58.78967945346422 94.13304741645544 89.0881324700672 68.8640596591489 30.906755436970933 95.51070355185084 41.073571365513025 34.22876133418523 55.89273662957678 70.40629305841655 88.631475657961 99.15528251742671 92.52516171544556 75.09099402774537 49.93827302043559 76.83929355950751 95.8595373000195 31.58344929072996 81.06580069954347 66.08364229690689 69.34585698892649 86.91553139141264 37.980610168561746 48.18317257732884 81.63942266230868 82.73220103960604 78.94710810966372 60.05095820850814 66.73696612335993 86.79105401842143 29.529972564626917 94.41904340316094 77.72918503296134 12.243460177511645 85.6139475579231 16.32576651517279 44.24602061084375 78.0207093135993 61.20674545045881 26.605578198006917 91.58108799991453 44.214890095366876 97.26346760372893 47.72622075697128 15.516896145515592 90.03572865033932 35.368613136729785 55.07200379614682 71.03261368603663 88.74091258656999 25.83436178002487 27.65087854296707 25.3612833058273 73.87893534379502 83.6215480251751 46.20681869832981 0.0 0.0 0.0 0.0 0.0 0.0 0.0 0.0 0.0 0.0 0.0 0.0 46.27358310759316
84.24984083810364 27.462306811272953 23.84803630709209 45.000339748506036 21.18066034908248 37.661119041077484 14.555373779874847 69.86622147825115 51.028760344763725 46.27355766913268 8.314187371077342 51.49210861703843 38.2677241946399 29.709758288696055 88.11689298804693 33.333865851490415 0.07676205368736255 8.282275134844896 93.7122788677922 82.36038211735861 32.0461052904048 69.81558488171127 9.7316000825721 63.83386534532285 66.42719351364623 25.15726770810085 71.70035404390757 81.4405822975895 89.2979106526502 72.278437427351 62.448552280574376 29.430358676200218 61.0795092394823 92.62372278634614 53.56123239843688 76.95832084818302 56.03327291042993 28.468731252604464 31.764804391488234 6.482521714321365 60.68137489028126 93.26557840691979 38.52382088159243 57.856244977036994 48.53780975204213 48.30474640264795 42.626542301190874 87.66392135844556 79.10163999927319 38.49415145417113 60.166722766614264 39.38479913843827 52.75627191163529 17.654003478082092 34.08280715573384 34.12858855899019 90.03480330667546 9.448659467851762 86.29473816406723 33.972534257325435 93.65297934652095 43.924341536743015 59.48242898735055 0.33946392385509894 0.0 0.0 0.0 0.0 0.0 0.0 0.0 0.0 0.0 0.0 0.0 94.77759511922218
81.59425120986705 72.67887734272155 68.39157262103723 81.18970821316229 87.11028732640432 25.104794858409505 85.07479967848738 54.31830745311777 42.78315406842032 96.05054564656403 13.233869765794603 64.56161860664805 98.56041426569242 5.11508442209302 87.1281796102677 29.8794926588684 39.544604865640274 16.74049211479065 15.713895686185687 51.331881946330604 14.731239461339063 95.73460170076144 69.21776535564771 1.054657559438965 11.369156501505294 46.35315749752792 51.813344657405246 73.10558977679898 78.19333855264233 96.51679202235725 58.620395642391045 55.67956411443436 97.75298602196224 20.867051772094904 38.78352952613017 4.383624473549597 83.15526913956892 31.61962879516339 38.04615504098584 70.57879716936532 27.767852423407604 4.551782696449913 74.02105411356376 66.23705797630589 67.77095054787267 48.96494788539943 5.269060444265438 27.328190186130097 26.922297743932187 75.0923513485308 91.33239499961418 71.44275680417572 0.4961137844619934 60.175371809660525 5.0294706534339095 32.17372704546296 1.0797539096003228 65.31136077504888 50.60304668144256 92.72077065146838 32.75944782970743 9.179438014527385 61.723844192733246 34.24759798927356 82.1991332399454 0.0 0.0 0.0 0.0 0.0 0.0 0.0 0.0 0.0 0.0 61.87974699292273
1.8868129465724803 60.714171642489646 15.214067295792876 82.37558463122363 66.39748276844584 61.22197042415749 45.66357774693992 86.40664344918311 89.93089770873817 23.351941660703666 99.83492685274345 98.24558637096472 96.55587431859755 16.541145948479873 33.96295481737654 9.299048532238107 90.15241018415958 23.235541302967853 75.1278126666404 39.30807085207476 72.31026785364912 7.3727053025053335 46.49573939518944 71.78186924236893 92.08191008927362 74.68978395126179 6.715525075784634 14.302768374218777 77.37309477959909 97.41826417520234 80.25590974172975 16.46900986928691 71.28962338382895 47.11864925767387 80.5668879647261 63.49608445263299 98.41887709942449 3.724494466317607 31.170476773956757 51.876094430841825 15.809938594154405 86.3066453789641 71.13420725755901 44.998632481481515 61.326237929340785 81.63499146903898 90.85326437280379 1.2654730942605052 98.07983882742411 30.306355001524455 81.66478642325183 64.98537469880905 67.81663162900729 67.02365423782966 98.54059269917707 11.214128901153774 8.406844494001064 1.552788649158443 28.952165372838014 39.70894549228247 61.005441019656224 69.95016631227477 32.974455832814385 20.295110430755138 90.98215686641062 81.84516615839837 0.0 0.0 0.0 0.0 0.0 0.0 0.0 0.0 0.0 69.7926600938555
2.1968447062683305 73.38104036282003 38.87824033623253 53.998837575823266 13.263107467687096 48.45456184580655 1.8367714204652885 91.41285226552569 91.5230667938005 35.72747231869331 39.59721746842164 28.634788773621867 11.134812445053832 6.080775868842581 1.673455826048853 13.13366505964676 87.5448363376494 50.50634426232647 17.987665007169483 1.3998943488832571 72.55467653351756 51.467808972031115 44.42148543090182 71.53662296168577 78.99504931165998 58.21358696128088 40.77159814318134 93.63773626487077 6.8366904811703595 90.9230098101668 88.92529014209106 86.39793405221876 77.82104515802818 50.22668322811711 33.387935735442845 41.62300818091346 24.07281919142623 88.42739968339323 53.73578982633249 29.656027600931946 17.660360460688917 6.658010296403849 59.13383614068326 8.207876840538153 72.69870747775828 78.24791939129702 28.749887677747942 44.67815635606887 99.34404980240862 62.729898318212804 8.712517776105388 27.775230308788245 39.90728970779599 67.20421161482697 16.201785629904077 88.09170457717549 71.31823427150978 32.18704947684513 94.32820672051963 69.26445056755499 15.300925991014115 67.60558127087403 7.6467084241808365 91.44580299838915 57.87447736192366 41.26193873920629 67.46882273911027 0.0 0.0 0.0 0.0 0.0 0.0 0.0 0.0 27.03529172586443
43.1726849565408 26.87374089409027 28.577711235897407 64.96891188669113 73.07963755662799 51.70881168431053 4.517039331449057 74.33555276295242 13.807402480839215 44.866972314912076 7.316147784488258 90.68795624603342 83.29579212275922 76.42191458843487 29.330328442926156 39.13810147415438 69.19313864696463 94.9213243543525 49.81645967305395 77.17467954716571 6.1808821535142116 16.153574438578254 66.93064108543282 87.11293630226832 23.533676451253893 89.62448451005062 27.02588400014726 73.18479183843468 59.060699462162944 70.84776181957136 47.44431141066586 21.49986284098535 23.95263760049199 57.33794211896856 6.439730303364211 62.45559426360073 94.56283034555858 4.104756581666901 4.4328496379913656 34.64744263578186 1.779911814534585 20.48305787442444 84.49282909300707 86.92765360677018 86.40319097856937 64.29253954820129 36.755215105528436 70.98382459648026 89.81095784109586 91.60668624011598 1.4277948397503626 70.65619026403654 53.21576275129618 90.82053389544757 28.10221323970622 86.18507566867923 5.92964503053246 28.24194999260371 45.28071238009937 41.67777635872857 33.316195838113046 59.09134107093451 43.343638259335506 12.306659076221372 28.485240615990605 12.579824610779799 76.62489034863013 74.09799026352374 0.0 0.0 0.0 0.0 0.0 0.0 0.0 48.28983641127207
42.64606135473882 45.828783802764804 63.64367007637662 13.814170568553763 46.96711609757178 30.713288365626646 97.66563244196307 18.29487633549054 96.01885063554796 4.780948509568117 43.08544550241301 31.29718226955791 81.24650708874273 78.66025041323282 47.09915259791638 16.971190442016493 86.81633554349736 86.9265550200443 33.73020695412268 16.342537614769913 12.954231737237398 54.30317273541894 48.43088634001158 78.84553265144235 30.53750051361792 51.499522089962305 85.52530548220126 66.68584914637651 26.39108626543234 78.38473496959016 64.63474911440262 97.12367318009805 6.649677117536845 92.76150157830924 31.698755194196682 32.39719006265395 61.58231704728797 36.6962982582201 47.802990828296245 74.76014139377102 59.4362708439511 99.17860882960525 94.74763778402827 74.98611975852988 29.142072996193136 93.82311767478913 70.13766711325073 16.696178150267993 12.131831078600486 23.395267894296502 66.7490199642511 95.99521327859821 12.0580125492739 49.13199282897802 31.022404573634944 76.1565152559082 47.860107659898674 82.14581873524175 73.75900529114337 60.47275943259839 20.41170806553172 66.64196598743504 62.44014502652485 92.89563430623711 35.890704976355146 30.244463905378637 59.06553926499163 65.7152196802101 90.05046102538238 0.0 0.0 0.0 0.0 0.0 0.0 35.41869828059021
80.00243192232284 86.28409347878548 6.729967296191896 77.79424133266188 45.0606152726844 30.670101359303857 41.22616116320623 42.13317281991181 51.85592022708696 91.12559019438254 4.561718961274841 44.75558952148896 58.49747715818858 6.3898455601374415 38.216815586468186 62.425296436491905 82.73168562184186 49.09534448955755 70.55348195989278 72.01517914071832 28.89845630226442 32.92737204376738 15.946359406334022 2.713097294130218 35.40300312398823 93.69044791973879 35.5437937654458 33.09559295371491 94.87907550483887 93.06389268303641 64.61838808944476 49.088065500886856 36.81718067183692 91.58280977444197 25.62625913144703 15.646516884657235 78.15403445459276 38.25963358923238 88.37943423164674 4.937334717331455 41.1670931904688 28.26530593607991 9.145952024376925 66.85803982275995 9.990702373659222 87.21807367748842 79.02740288630655 23.933267531678503 47.168048128487946 50.8817643987597 38.62379765950372 21.936706332194824 19.875752738556496 22.454345049427026 70.78080081399604 70.03111503288804 91.80559296614068 6.131432266776338 66.12455305638349 59.7849235946542 21.16054256845259 35.258394750478885 67.12438794227936 61.115352839998764 67.81988301838085 36.13849938958248 35.58402725502427 55.02438537879135 53.45090172926542 94.44355998590142 0.0 0.0 0.0 0.0 0.0 55.74685585500669
77.93532155046344 37.19227144235986 20.177368901484584 80.61114545332461 20.50408530621758 66.50690270719937 39.27116156833477 52.58618767687933 44.97079845266945 37.899695814496894 75.14423566674233 81.28048852101618 59.43360977543865 55.41828896620884 21.94174607423618 40.998298957283474 14.868133680820762 6.202535852594093 52.66565023233441 58.43095312891402 71.28226567707495 81.82114947932504 50.043610539294804 97.06459976305494 13.087557540796768 61.73151888332683 95.73465685621571 8.986115519930383 80.58472804634165 40.92147955037589 4.349220053600355 17.05409025015897 24.40230336103505 27.639343905283386 42.76514968571651 10.811977688268327 82.7937873730493 59.0912654349248 32.35015730207411 88.05563811958585 27.89015185199528 83.08261202375503 91.95507365186955 50.62766334703163 26.320860108416966 31.802674017371725 42.92121962634196 67.79602266029852 12.058045053541955 70.29971846123165 63.8490657255418 53.48473574514483 74.90485177471378 36.666039442280784 52.50428551722271 64.65941986156479 26.74037361862871 3.5503065857908966 24.991210039814504 17.330742711780942 19.450022060917462 81.33719740949705 58.20259517127584 33.92391553268473 53.411563905938365 52.18191457441993 60.55850028931429 81.17260510983625 33.47346738743766 71.05986871687186 38.1760424336655 0.0 0.0 0.0 0.0 31.230682914484685
0.553617058635214 95.08946954269621 8.865616600771443 80.35549952519109 91.30285169664168 5.608631584288082 4.728129466307884 89.30145418889775 55.71918705380649 68.83319046746696 95.63170192764952 67.47281933579993 93.16500020717177 40.398198498908165 60.47517922838459 8.919912685247677 50.93084468434345 56.68060167261124 30.89969673434855 2.422900005077966 66.30598763385011 71.52454978132316 32.98847424452413 80.19262401368495 23.05715096568339 90.83821149900182 56.498904356838985 40.12806219624743 36.283355727727965 29.5035837331711 88.29989514105083 75.10511876828886 75.80616234224752 65.13853930229946 56.941379332841336 69.43165780705274 87.57105065988205 91.47290336618643 48.66172668054502 77.38879643929069 74.97698746070557 80.44807594707719 71.64279693230542 81.68870604912007 57.617769492752856 46.622364555520065 64.95122489168152 40.7142117679252 33.61003204100497 70.06181251213299 71.35839692636243 72.5657696536422 33.499256343737805 74.61900487223375 19.110607809183676 91.22642882958533 68.67654192654116 77.34997825484325 86.72463821881982 5.565668013418412 45.30525015082141 21.791986133446596 57.01304032406027 15.438021215122488 35.948096490625744 82.9225949822674 1.797204317029999 90.7926885188016 75.40165817256764 84.84316172939948 77.14529577553026 99.49538049916727 0.0 0.0 0.0 74.6866274629002
3.577476210868591 50.475961248474185 57.47388470194359 27.708614663947394 36.84892635283064 25.49768043102172 10.83392850164866 18.795651860697195 10.297305829709181 78.70750715483419 23.752117231484394 26.135011526313225 55.31891672161859 72.05185952722438 38.2378754148188 56.073288873590464 37.56140155218629 60.35593379634497 92.26643158748274 36.310176019213635 37.07725891804754 69.2572090165435 31.320137928412915 42.20771883875489 81.2378164976175 79.63242653221388 25.035430693907944 29.753262215791366 9.731919759779684 17.886323496295574 5.438064640657824 1.1556981138033051 7.321378972335479 17.974328225305637 76.15924304401292 34.62103948509656 74.49783621920622 90.6602917990065 3.0605568107266667 68.54475147687673 18.78330367503408 8.26428544124045 85.85571255841174 42.17465883916249 40.139424264686994 89.03436848597876 27.602239935991722 59.739678957454544 52.79799749282456 44.28011952643971 64.34646808065231 63.106034979633165 32.79809867204116 33.53469817102987 90.74030773728593 69.21398010120959 5.612701308383061 58.266022308815046 19.108430949824083 52.86449417218982 91.47041784578569 13.036644175588275 39.229647096867005 32.86684970871011 7.325566397732186 4.515715280344912 4.006462513416786 50.124262453630664 83.90251127551633 43.3754387917519 52.2318767081656 9.926353266700193 93.83780460386333 0.0 0.0 11.858217453776254
93.82272268595717 97.53347186699924 2.6663611986185276 10.67970590943771 25.17394299974053 66.07939364345089 48.24553694277495 92.93679444252807 12.698387027401491 38.885270405486295 26.183622171734587 99.81851591475649 81.15186362421277 64.46913612650053 8.936970141378653 23.171768973763008 70.00333144477167 11.851688773584968 54.462558317813816 33.3525958863732 75.89527027024006 96.20045792573492 66.66051458797723 27.297784010155613 82.14943869653543 80.42086082209484 54.31374544332659 71.3803050780972 87.30837312580036 6.994109336693278 97.82947393982472 36.3661621824783 83.86312611746338 76.17825598086098 73.81016026077862 47.66902181126229 5.602953302304425 1.6301653530377491 6.328931044343333 3.1029653745206276 57.43271521585114 42.572513840321356 10.757274853842036 42.46255400031536 65.03903311495381 32.82140649429852 71.09046563391404 88.51339741740497 33.44629545996123 1.3065354804581264 44.93878532576211 17.35518590756063 83.28882829369046 6.157270967767392 21.700305354015615 57.62318577231073 41.53568427912138 84.99443883456155 68.90361288492379 62.6230217792523 99.43962680474783 57.75896999199398 89.30656272096422 47.247515868270575 14.6421169698829 5.225003629138037 77.05976383992751 32.40321437206659 26.651191651627194 86.28642702720909 5.0911573338543565 93.67821730398597 75.3192960998235 50.17224969521562 0.0 97.84073369671631
68.11172933639124 60.48335394219252 45.93763348518737 43.57206774131441 33.17976142422246 57.58940057178575 30.89374066476577 78.71000979260694 35.490238680869815 8.909371984024162 32.08107495835125 33.001530914129354 13.18472552130604 42.86772044898043 20.457271003598244 58.76936883563788 25.672832282599877 35.03072492989892 16.161828736266948 80.1258061571954 77.07936587372619 13.47151099822348 55.03654553078289 88.73652303902935 95.66307882760373 28.508936852104107 11.521972493231381 81.5721504691235 10.469869190689973 52.228694053774745 91.1164654175298 83.0578134543418 48.61214377242177 46.73007071018894 76.77592354155244 19.128596105924643 61.81997012317395 41.702050077937116 37.94867526412325 13.921506428302422 79.2885575512665 91.7175141678931 88.38133735835027 61.18219896377725 75.3505200565381 41.54450592408446 9.39797407197015 81.93736570985425 35.13024401698145 13.808676607288028 39.046179565075775 17.581335871322857 99.0916464164745 47.501149012290156 64.3202096916293 23.248112011751452 68.26945821959713 58.11123792232237 43.61261720390949 20.187718661432143 55.97811974085115 60.573603470604695 29.61230948277236 37.838379223320764 78.92125021625124 94.75455130347169 59.05832784401732 26.383718759106944 90.87856998439844 19.862380325702876 25.07504068991091 48.80681856678946 75.5260749590008 98.9518353802775 50.25588055746558 67.80063960807969

3
100 400 5 2
0 67 89 4
0 0 57 5
3
0,7 4 5 2
0 0,6 4 4
0 0 1,1 5

3
0,7 4 5 2
0 0,6 4 4
0 0 0,3 5

3
10 1 3 4
4 33 2 5
4 2 55 6



6
1,00000000 0,50000000 0,33333334 0,25000000 0,20000000 0,16666667 1
0,50000000 0,33333334 0,25000000 0,20000000 0,16666667 0,14285715 1
0,33333334 0,25000000 0,20000000 0,16666667 0,14285715 0,12500000 1
0,25000000 0,20000000 0,16666667 0,14285715 0,12500000 0,11111111 1
0,20000000 0,16666667 0,14285715 0,12500000 0,11111111 0,10000000 1
0,16666667 0,14285715 0,12500000 0,11111111 0,10000000 0,09090909 1
8
1,00000000 0,50000000 0,33333334 0,25000000 0,20000000 0,16666667 0,14285715 0,12500000 1
0,50000000 0,33333334 0,25000000 0,20000000 0,16666667 0,14285715 0,12500000 0,11111111 1
0,33333334 0,25000000 0,20000000 0,16666667 0,14285715 0,12500000 0,11111111 0,10000000 1
0,25000000 0,20000000 0,16666667 0,14285715 0,12500000 0,11111111 0,10000000 0,09090909 1
0,20000000 0,16666667 0,14285715 0,12500000 0,11111111 0,10000000 0,09090909 0,08333334 1
0,16666667 0,14285715 0,12500000 0,11111111 0,10000000 0,09090909 0,08333334 0,07692308 1
0,14285715 0,12500000 0,11111111 0,10000000 0,09090909 0,08333334 0,07692308 0,07142857 1
0,12500000 0,11111111 0,10000000 0,09090909 0,08333334 0,07692308 0,07142857 0,06666667 1


4
6 9 6 2 23,1
2 15 8 7 31,9
6 8 5 14 32,9
5 7 9 10 31,1
4
6 9 6 2 23,01
2 15 8 7 31,99
6 8 5 14 32,99
5 7 9 10 31,01
3
1 2 3 2
2 4 6 4
1 1 1 5
4
5 7 6 5 23,01
7 10 8 7 31,99
6 8 10 9 32,99
5 7 9 10 31,01
4
6 9 6 2 23
2 15 8 7 32
6 8 5 14 33
5 7 9 10 31
2
4 3,19 7,3
5 4 8,9
2
4 3,19 7,2
5 4 8,99




2
4 3,19 7,19
5 4 9

3
2 4 9 7
1 8 5 2
11 9 7 2

2
10 -1000000 -1000000
2 1 0

4
5 7 6 5 23,1
7 10 8 7 31,9
6 8 10 9 32,9
5 7 9 10 31,1





4
5 7 6 5 23
7 10 8 7 32
6 8 10 9 33
5 7 9 10 31





