Приведенная матрица: 
 99,674  81,975  56,727  77,512  15,387  91,477  39,782  32,776  52,178  22,534  67,977  39,060  46,756  27,980  21,841   0,000   0,000   0,000   0,000   0,000   0,000   0,000   0,000   0,000   0,000   0,000   0,000   0,000   0,000   0,000   0,000   0,000   0,000   0,000   0,000   0,000   0,000   0,000   0,000   0,000   0,000   0,000   0,000   0,000   0,000   0,000   0,000   0,000   0,000   0,000   0,000   0,000   0,000   0,000   0,000   0,000   0,000   0,000   0,000   0,000   0,000   0,000   0,000   0,000   0,000   0,000   0,000   0,000   0,000   0,000   0,000   0,000   0,000   0,000   0,000 |  2,805
  0,000  94,634   8,551  79,925  91,217   5,101   4,507  89,119  55,429  68,708  95,254  67,256  92,905  40,243  60,354   8,920  50,931  56,681  30,900   2,423  66,306  71,525  32,988  80,193  23,057  90,838  56,499  40,128  36,283  29,504  88,300  75,105  75,806  65,139  56,941  69,432  87,571  91,473  48,662  77,389  74,977  80,448  71,643  81,689  57,618  46,622  64,951  40,714  33,610  70,062  71,358  72,566  33,499  74,619  19,111  91,226  68,677  77,350  86,725   5,566  45,305  21,792  57,013  15,438  35,948  82,923   1,797  90,793  75,402  84,843  77,145  99,495   0,000   0,000   0,000 | 74,671
  0,000   0,000  86,246 -55,823 -53,434 -15,731  -8,128 -54,700 -38,492 -41,787 -63,098 -43,295 -58,794 -26,554 -36,994  -5,014 -28,626 -31,858 -17,368  -1,362 -37,268 -40,201 -18,542 -45,073 -12,960 -51,057 -31,756 -22,555 -20,394 -16,583 -49,630 -42,214 -42,608 -36,612 -32,005 -39,025 -49,220 -51,414 -27,351 -43,497 -42,142 -45,217 -40,268 -45,914 -32,385 -26,205 -36,507 -22,884 -18,891 -39,379 -40,108 -40,787 -18,829 -41,941 -10,741 -51,275 -38,601 -43,476 -48,745  -3,128 -25,464 -12,248 -32,045  -8,677 -20,205 -46,608  -1,010 -51,031 -42,381 -47,687 -43,361 -55,923   0,000   0,000   0,000 | 38,427
  0,000   0,000   0,000 -113,513 -41,515 -30,714   4,874   9,559 -71,811 -22,587 -96,768  22,184 -18,695  13,284 -47,163  18,196  41,591 -19,768  37,225  32,001  38,906  56,300  48,258 -17,439  69,287  29,746  22,795  48,994  67,067  -9,465  48,570  -5,532  41,574  39,840  42,045   8,936 -43,249 -49,399 -20,818 -40,069  15,606  -2,306 -29,209  -3,108  32,896   6,813  34,857  65,801  14,697 -37,778   5,131 -23,126  64,601 -35,470  11,039   6,732   3,224  41,844  20,523  59,518  74,166  45,602  57,501  38,635  -5,412 -41,034  76,057 -18,246 -15,412  38,956 -37,945  38,174  75,319  50,172   0,000 |102,549
  0,000   0,000   0,000   0,000 116,567  -0,205 -17,711  37,201  12,878  22,487  28,028  41,653  35,660  56,200  54,815 100,406 106,951  78,033  24,533  12,159  61,560  31,380  97,822  90,027  42,338 130,678  48,262  42,498  98,621  14,242  37,892  35,112  32,539  27,706  23,776  31,595  43,204  45,388  23,810  38,294  33,752  37,387  34,966  38,011  24,652  21,166  27,926  14,802  14,656  34,761  32,721  35,019  11,535  36,729   8,169  41,821  31,597  33,237  38,888  -1,085  16,412   7,284  22,858   4,771  16,976  40,915  -3,847  43,157  35,857  36,883  38,050  43,715  -4,634  -3,087   0,000 | 75,147
  0,000   0,000   0,000   0,000   0,000  90,935  59,781  41,054  70,031   5,057 -20,905  64,059  27,649  68,459  63,581  73,256  16,993  22,876  -7,284  86,248  40,933 -11,159  36,640  43,502  59,931 -56,513 -28,197 -24,488 -37,282 -10,580 -36,815 -28,176 -31,598 -27,427 -24,459 -26,989 -30,387 -31,458 -17,101 -26,730 -29,543 -30,423 -25,274 -30,841 -24,103 -18,177 -27,022 -19,883 -13,759 -24,099 -27,466 -26,032 -17,060 -25,986  -8,003 -35,125 -26,319 -32,203 -34,338  -6,102 -22,188 -11,338 -25,522  -8,456 -13,301 -28,769  -5,778 -33,287 -27,627 -34,857 -26,780 -40,374  -5,045  -3,361   0,000 |-24,860
  0,000   0,000   0,000   0,000   0,000   0,000 104,332 111,716  55,407   0,466 -60,967 105,804  54,910  44,274  14,004  46,474   8,920  38,609  91,913 106,900 101,905  59,435  75,266   3,374  43,937 -33,923   0,223   8,231 -19,344  -1,810  27,772   3,404  23,789  22,218  22,537   9,211 -11,914 -14,268  -5,233 -11,327  12,517   5,208  -7,083   4,957  18,641   6,535  20,053  31,539   8,935 -10,903   7,717  -4,386  30,465  -9,555   6,238   9,940   6,687  24,024  15,545  26,117  35,504  21,362  29,214  17,866   0,436 -11,317  32,965  -0,874  -0,838  23,356 -10,429  24,148  32,508  21,655   0,000 | 14,205
  0,000   0,000   0,000   0,000   0,000   0,000   0,000 -109,428 -17,753  12,452 105,879 -38,991 -26,333   0,902 -29,631 -70,685 -83,894 -72,645 -103,866 -103,395 -133,914 -74,758 -143,524 -59,674 -70,148 -67,131 -34,807 -40,924 -62,740  -6,131 -49,947 -23,235 -42,829 -38,493 -36,615 -27,253 -11,971 -10,769  -7,973  -9,820 -31,877 -26,375 -12,330 -26,467 -33,086 -18,634 -36,382 -40,865 -17,454  -8,272 -26,344 -15,143 -37,921 -10,769 -11,027 -33,749 -24,649 -43,464 -37,887 -26,346 -45,861 -26,139 -42,990 -21,118  -9,985 -11,302 -31,862 -23,339 -19,276 -44,822 -10,610 -49,477 -30,948 -20,615   0,000 | -2,981
  0,000   0,000   0,000   0,000   0,000   0,000   0,000   0,000 -83,562 -12,574 -33,376 -86,454 -86,253 -79,339 -108,344 -82,857 -70,552 -78,348 -16,183 -65,625 -85,140 -35,670 -72,108 -113,046 -60,572 -49,701 -24,672 -11,224 -14,434 -16,096 -29,595 -36,490 -25,437 -20,863 -16,494 -30,339 -51,437 -54,749 -27,806 -45,902 -31,323 -38,211 -40,589 -38,985 -19,020 -20,176 -21,979  -3,159 -12,181 -41,920 -32,160 -39,552  -0,072 -43,495  -6,278 -41,072 -31,365 -26,094 -35,633  11,774  -3,287   0,817 -12,793   2,108 -18,133 -48,726  17,534 -46,904 -39,015 -30,299 -45,275 -37,346  18,197  12,121   0,000 |-36,578
  0,000   0,000   0,000   0,000   0,000   0,000   0,000   0,000   0,000  91,851  80,755  18,602  56,792  33,439  18,709  -1,643 -13,847  39,254  17,106 -61,007  24,846   1,933 -69,523  74,304  44,717   6,724  72,756  53,569  56,419 100,289  77,993  27,437  49,463  85,993  11,324  99,596  53,966 120,383  56,087 115,271  23,502  96,559 115,611  31,718  55,396  28,315  75,426  87,830  61,222  96,658  83,592 118,777  42,122  64,104  46,445  19,570  15,019  10,983  16,412  -7,983  -1,277  -2,155   3,956  -2,510   8,964  25,110 -11,402  23,350  19,432  13,125  23,325  16,557 -11,694  -7,790   0,000 | 69,300
  0,000   0,000   0,000   0,000   0,000   0,000   0,000   0,000   0,000   0,000 -153,654 -42,044 -60,458 -55,316   5,065  84,551  77,117  20,364  47,004 123,017  -0,263 -17,585  53,871 -46,160  17,801  39,870 -32,493 -20,230  49,106  33,429 -35,002 -11,089 -41,396   5,522 -24,289 -73,418   5,391 -63,664  36,499 -87,193 -21,053 -64,824 -81,257   0,106 -57,105  43,335  -1,619 -51,347  -3,215 -29,050 -44,370 -71,480 -31,369 -47,343  36,808   0,272  39,499 -57,119  -1,796  48,819 -21,524  13,600  17,477  45,053  41,246 -21,918  25,590 -11,571  -1,826  25,854 -54,038 -79,583  -8,551  -5,696   0,000 |-22,118
  0,000   0,000   0,000   0,000   0,000   0,000   0,000   0,000   0,000   0,000   0,000 116,852  50,493  39,609  94,502 -16,340  42,259 -15,737 -18,545  22,437  20,973  35,935 -16,010  25,493  41,081 -29,884   1,603   3,803 -34,978  -9,512  29,892  14,009  28,590  16,966  26,347  16,439   1,774   1,856  -4,325   4,350  21,423  15,135   5,433  14,552  23,121   5,021  17,336  24,741   6,091  -1,143  14,230   5,986  25,111   5,751  -1,125  20,684  10,755  34,530  24,094  13,569  33,721  16,576  26,922   9,782   1,281   7,163  20,245  14,441  11,070  26,196  10,386  40,418  23,365  15,564   0,000 | 45,240
  0,000   0,000   0,000   0,000   0,000   0,000   0,000   0,000   0,000   0,000   0,000   0,000 -112,427 -33,652   9,708  31,136  23,934  -0,638   0,607 -39,779 -16,390  41,909 -20,368  -0,019  20,187 -29,090 -11,251  -8,099 -30,500 -63,290 -74,527  36,603 -25,552  15,793  35,231 -33,259 -32,236 -43,725 -71,943 -77,565 -48,881 -74,549 -75,258 -66,074 -39,782 -56,907 -73,132 -44,265 -48,205 -83,852 -69,004 -80,203 -24,450 -64,152 -46,239 -65,135 -62,945 -29,311 -58,839 -10,942 -12,962 -12,859 -37,751 -20,306 -41,260 -59,451   2,607 -64,915 -56,648 -63,950 -43,624 -38,216  15,604  10,394   0,000 | -6,342
  0,000   0,000   0,000   0,000   0,000   0,000   0,000   0,000   0,000   0,000   0,000   0,000   0,000 102,205  44,889  27,908  41,971  -9,386   9,257  65,012  26,529  65,346  21,100  87,240  78,307  28,538 -14,664 -20,620 -31,783 -19,466 -14,525 -40,024 -18,493 -45,375 -25,735 -21,802 -32,885 -34,507 -13,124 -13,591  -9,247 -13,382 -13,198 -12,355  -7,296 -10,653 -13,476  -8,003  -8,726 -14,959 -12,473 -14,142  -4,634 -11,524  -8,451 -12,347 -11,928  -5,774 -11,243  -2,462  -2,904  -2,721  -7,500  -4,098  -7,779 -10,964   0,004 -12,143 -10,604 -12,336  -7,979  -7,423   2,479   1,652   0,000 |-33,902
  0,000   0,000   0,000   0,000   0,000   0,000   0,000   0,000   0,000   0,000   0,000   0,000   0,000   0,000 -134,818 -122,382 -89,217 -113,794 -14,886  20,681 -33,352  22,790   4,005 -98,029 -37,870 -33,413 -46,856 -22,344 -60,859 -68,598  16,598 -73,600   4,593 -79,961 -12,471 -38,581 -81,437 -101,718 -39,276 -48,427  16,864 -19,223 -43,832  -2,507  17,489  -9,942  -1,286  19,164 -12,889 -51,790 -14,212 -43,308  34,586 -30,082 -19,360  11,336  -1,177  47,972  21,429  33,034  61,466  31,639  41,937  19,440 -10,136 -19,071  49,677  -4,234  -5,363  28,730 -10,403  51,691  56,294  37,499   0,000 | 26,771
  0,000   0,000   0,000   0,000   0,000   0,000   0,000   0,000   0,000   0,000   0,000   0,000   0,000   0,000   0,000 160,818  99,248 113,465 108,457  69,359   6,713   9,362  84,849 -15,916 -21,435  89,586  -5,637  -0,561  54,336 -29,581 -38,181  38,144 -15,840   3,563  19,671 -45,356  21,072 -30,775  -6,009 -61,103  -3,901 -50,396 -62,667   1,790 -37,019   5,811 -31,524 -61,593 -28,217 -37,674 -41,222 -62,482 -33,389 -24,611 -12,327   8,871  17,305 -10,442   6,849   9,235  -6,574   2,505   6,255  10,767  15,071   5,605   1,435   7,497   8,324  12,687  -3,786 -13,915  -7,809  -5,202   0,000 | 43,638
  0,000   0,000   0,000   0,000   0,000   0,000   0,000   0,000   0,000   0,000   0,000   0,000   0,000   0,000   0,000   0,000 134,846  70,937  85,345   5,600 -20,037 110,873  46,401  27,016  22,588  75,841  78,673  76,904  25,526   6,144  54,129 114,958  21,117  94,513  79,023   5,741  23,283 -30,113  -8,002   2,870  61,219  54,973  26,978  55,673  28,609  69,743  43,547  11,424 -17,316 -50,484  29,496  27,079  30,370   2,639  -1,814  70,586  32,239 116,265  78,356  86,627  70,203  90,950  89,781 105,111  17,666  -0,310 102,624  46,715  72,078   9,836 -19,534  35,103  52,134  34,728   0,000 | 33,998
  0,000   0,000   0,000   0,000   0,000   0,000   0,000   0,000   0,000   0,000   0,000   0,000   0,000   0,000   0,000   0,000   0,000 113,239  47,945  22,094  27,919  33,382  28,653  28,664  35,816 -11,646 112,764  55,627 108,512  92,148  27,223  32,430  38,140 141,107 108,355  25,171  87,067  74,394  40,198  25,620  52,101  56,423  68,687  14,187  21,926 113,164 108,623  27,203   7,436  -7,950  14,088  22,329  18,688  -6,426  12,247  -3,231  -7,508  13,777   0,808  27,898  11,331  23,236  14,250  29,593  -3,457 -24,532  33,676 -11,564   0,295 -17,020 -29,356 -16,514  18,458  12,295   0,000 | 31,268
  0,000   0,000   0,000   0,000   0,000   0,000   0,000   0,000   0,000   0,000   0,000   0,000   0,000   0,000   0,000   0,000   0,000   0,000 130,387  78,034 -27,157   0,057 -11,337 -125,542 -75,131 -45,568 -137,131 -102,545 -129,932 -131,375 -82,269 -69,320 -39,970 -141,071 -49,220 -94,053 -80,935 -123,005 -62,206 -127,904 -48,819 -130,437 -151,309 -47,614 -56,523 -85,541 -108,263 -77,508 -45,949 -70,707 -90,352 -138,620 -37,540 -61,922 -43,716 -31,487 -11,779 -43,702 -29,963 -22,888  -3,058 -30,973 -21,568 -43,171  -9,911 -12,516 -25,065 -29,177 -44,325  20,064  -0,161   5,104   4,592   3,059   0,000 | 19,084
  0,000   0,000   0,000   0,000   0,000   0,000   0,000   0,000   0,000   0,000   0,000   0,000   0,000   0,000   0,000   0,000   0,000   0,000   0,000 157,855  -1,625  54,181  31,405 -144,715  12,608 -26,632 -60,750  -2,854 -70,332 -63,008 -71,698  10,470  25,056 -125,679 -19,422 -136,451 -111,002 -178,452 -99,134 -178,464 -58,787 -155,545 -176,689 -84,359 -77,081 -66,802 -111,171 -98,463 -81,569 -148,535 -132,716 -184,754 -44,657 -116,877 -68,869 -73,224 -57,543 -45,391 -63,789   1,783  -0,073 -12,232 -28,712 -20,799 -37,851 -74,604  13,809 -79,710 -75,807 -39,518 -58,998 -38,404  32,585  21,706   0,000 |-14,733
  0,000   0,000   0,000   0,000   0,000   0,000   0,000   0,000   0,000   0,000   0,000   0,000   0,000   0,000   0,000   0,000   0,000   0,000   0,000   0,000 130,600 100,150 133,006 122,532 130,218 166,778 126,075 139,088 247,796  79,539 104,756  49,123 126,285 147,449 199,615 113,427  52,140  55,155  93,798  81,549 102,866 160,270  98,675 102,891 159,861 144,539 115,906 149,624  40,408  33,776  46,786  72,665 138,691   5,655 -13,362  29,760  -5,037  93,209  41,167  42,323  76,489  52,866  56,665  39,878 -15,790 -12,662  68,279  12,725  19,567  11,800  -3,277  70,378  64,506  42,969   0,000 | 20,797
  0,000   0,000   0,000   0,000   0,000   0,000   0,000   0,000   0,000   0,000   0,000   0,000   0,000   0,000   0,000   0,000   0,000   0,000   0,000   0,000   0,000 130,367 121,789  44,712   4,623  23,385  48,647  46,469  45,605 -29,879   4,523  15,501  67,367  -5,935  97,078 -14,648  44,168  -9,319 -45,386  38,664  36,485 -13,701  55,176  28,780  76,200  17,898 -27,704   9,365 -27,884  -7,993  50,745  23,425   3,818  25,710 -71,237  -1,416 -65,289 110,490  26,474  72,577  63,417  11,270  46,460   8,803  25,551 -32,087  11,240 -32,787 -30,541 -52,887   0,150  44,479  38,290  25,506   0,000 | 11,524
  0,000   0,000   0,000   0,000   0,000   0,000   0,000   0,000   0,000   0,000   0,000   0,000   0,000   0,000   0,000   0,000   0,000   0,000   0,000   0,000   0,000   0,000 130,692 -12,726 -25,126  63,815 -61,779 -53,790 107,550  -3,139   7,316 -85,709  48,415 -58,854  91,683  -4,389  77,064  82,076 132,100 111,292  78,373  56,918  26,056 146,552 170,773  47,827 -51,941   0,080  41,745 133,145  77,578 104,731  32,882 138,409  15,912   9,705  36,627  79,140  57,471  30,148  83,976 -50,319   1,897 -45,932  57,228  16,568 -73,626 -15,484 -35,222 -11,204  39,065  13,891 -31,552 -21,018   0,000 | 10,154
  0,000   0,000   0,000   0,000   0,000   0,000   0,000   0,000   0,000   0,000   0,000   0,000   0,000   0,000   0,000   0,000   0,000   0,000   0,000   0,000   0,000   0,000   0,000 150,413  86,452 -35,414 140,458  79,094   7,829  83,672   7,931  58,638 -38,897 129,822  -1,883  17,897  23,854  -7,228 -53,843 -19,946  -5,518  31,785  91,706 -76,545 -102,241  89,181 135,891  17,099 -30,355 -88,665 -21,274 -21,424 -24,530 -89,433 -12,506   3,985 -42,632 -28,157 -32,346  12,225 -73,435  64,197  15,683  77,514 -30,108 -21,553  79,341  16,694  50,146 -34,696 -47,536 -37,551  20,541  13,683   0,000 |-63,295
  0,000   0,000   0,000   0,000   0,000   0,000   0,000   0,000   0,000   0,000   0,000   0,000   0,000   0,000   0,000   0,000   0,000   0,000   0,000   0,000   0,000   0,000   0,000   0,000 -157,675 -47,915 -106,187 -45,857 -159,452 -128,889 -68,924 -29,000  17,202 -189,860 -74,681 -79,953  -3,951  32,575 -37,859  74,240   7,205 -115,006 -39,148 -51,208 -39,630 -178,049 -179,599 -94,890 -35,046  31,275  23,210 -17,396 -103,676  53,060 -57,667 -27,641 -51,719   0,290 -16,618 -19,702 -22,739 -79,487 -32,966 -85,249  39,303  19,336 -109,970 -28,290 -54,587 -33,075  54,774  14,959 -48,146 -32,072   0,000 | 40,245
  0,000   0,000   0,000   0,000   0,000   0,000   0,000   0,000   0,000   0,000   0,000   0,000   0,000   0,000   0,000   0,000   0,000   0,000   0,000   0,000   0,000   0,000   0,000   0,000   0,000 -175,994 141,347  22,421 -173,528  -4,148 -28,283  88,142 -95,072  74,221 -75,090  -4,529 -62,982 -59,498 -160,472 -146,707 -48,707 -70,671   6,413 -143,295 -266,044 -46,698 105,312 -11,962 -60,663 -205,214 -72,870 -109,539 -75,592 -170,185 -50,039 -63,490 -88,730 -120,221 -114,813 -77,859 -123,632  20,488 -59,431   5,855 -99,377 -41,225  43,738 -23,348  -1,053 -48,489 -49,311 -44,108  16,851  11,225   0,000 |  8,992
  0,000   0,000   0,000   0,000   0,000   0,000   0,000   0,000   0,000   0,000   0,000   0,000   0,000   0,000   0,000   0,000   0,000   0,000   0,000   0,000   0,000   0,000   0,000   0,000   0,000   0,000 195,272 150,111 166,699  96,500 103,672  31,525 152,715 189,394 149,881 142,765 113,308  26,943 111,153  43,823 109,741  78,362 101,864  47,179  52,495 120,555 115,898  95,681  12,031 -23,728  18,706  12,411  69,703 -48,302  -7,726  11,398 -27,992  43,678  10,692  70,953  28,656  65,266  61,335  71,333  -2,216 -42,736  90,829  -8,687  11,024  -3,378 -48,785  11,468  64,317  42,843   0,000 |126,199
  0,000   0,000   0,000   0,000   0,000   0,000   0,000   0,000   0,000   0,000   0,000   0,000   0,000   0,000   0,000   0,000   0,000   0,000   0,000   0,000   0,000   0,000   0,000   0,000   0,000   0,000   0,000 -122,559  -2,336  46,036 -42,471  -7,308 -118,869 -15,751 -58,506 -43,550  37,186  66,371  13,359  34,540 -47,177  73,846  41,847  67,226 -18,778  13,648  38,366  20,319  37,533 100,991  60,903  84,005  45,355  80,218 117,771  60,374  92,842 -58,430  19,775 -39,449  -7,206  44,461   2,768   4,021  49,778  82,140  10,457  95,769  42,739  83,573  50,041 -53,025 -59,077 -39,353   0,000 |-34,417
  0,000   0,000   0,000   0,000   0,000   0,000   0,000   0,000   0,000   0,000   0,000   0,000   0,000   0,000   0,000   0,000   0,000   0,000   0,000   0,000   0,000   0,000   0,000   0,000   0,000   0,000   0,000   0,000 203,666  97,257 109,115 -48,756 209,013  78,455 138,336 167,249 178,515  94,680 246,126 165,158 163,210  69,700  44,127 142,537 233,798 136,514 106,413  91,265  81,648 122,616 122,270  42,435 143,675 115,812  96,006  22,351  68,796  21,257  39,424  79,330  73,678  14,983  57,361  17,781  67,223 -15,196  22,793 -12,889 -33,352  60,408 -18,191  -6,147  23,993  15,982   0,000 | 94,692
  0,000   0,000   0,000   0,000   0,000   0,000   0,000   0,000   0,000   0,000   0,000   0,000   0,000   0,000   0,000   0,000   0,000   0,000   0,000   0,000   0,000   0,000   0,000   0,000   0,000   0,000   0,000   0,000   0,000 128,710  32,464  73,782 -23,659  32,078 -35,156  73,999  39,090 127,919  87,082 140,536  44,934 193,968  46,734 141,520  55,944  51,689 124,756  76,794 133,101  86,758  69,086  78,421  68,138  85,030 127,804  44,305 103,531 -64,235  12,020 -65,157 -10,617  18,055 -16,742 -10,295   5,098  69,594   0,168  76,722  43,210  86,720  42,064 -17,518 -40,644 -27,074   0,000 | 12,902
  0,000   0,000   0,000   0,000   0,000   0,000   0,000   0,000   0,000   0,000   0,000   0,000   0,000   0,000   0,000   0,000   0,000   0,000   0,000   0,000   0,000   0,000   0,000   0,000   0,000   0,000   0,000   0,000   0,000   0,000 -97,781  60,669 -45,055 -120,766  -4,264 -51,777 -115,838 130,889 -85,705 100,314 -47,569 151,887  -0,799  34,559   4,230 -127,023 -90,140  59,992  36,805  73,970 -11,407  90,089 -26,592  45,319   2,177 -42,073 -39,463 -26,726 -40,163 -90,688   2,978 -45,366 -79,672 -97,462 -22,539  23,182 -76,116  -8,509 -51,488 -41,361  52,576 -22,184 -53,717 -35,782   0,000 |-68,528
  0,000   0,000   0,000   0,000   0,000   0,000   0,000   0,000   0,000   0,000   0,000   0,000   0,000   0,000   0,000   0,000   0,000   0,000   0,000   0,000   0,000   0,000   0,000   0,000   0,000   0,000   0,000   0,000   0,000   0,000   0,000 -144,111 -99,818  62,626   1,581 -66,369  94,656 -33,539  28,361 -28,891 -34,007 -71,901  92,657   2,344  27,526  86,482 -14,457 -58,407 -36,144  59,528  65,070  97,054 -12,441  61,838  18,361  44,719  21,897  96,517  73,185 109,438  48,413  33,504  65,753  74,867  73,520  -7,145  28,093   8,973  31,202 -28,085 -22,562 -26,590  -1,372  -0,914   0,000 |-58,478
  0,000   0,000   0,000   0,000   0,000   0,000   0,000   0,000   0,000   0,000   0,000   0,000   0,000   0,000   0,000   0,000   0,000   0,000   0,000   0,000   0,000   0,000   0,000   0,000   0,000   0,000   0,000   0,000   0,000   0,000   0,000   0,000 198,539 -104,375   7,964  -8,922  96,975 112,479  70,450 177,802  63,811 -159,807  50,808 -14,682 112,796 -153,730 -138,156 -53,641 -54,306 122,766 142,805  65,603  -6,330 109,637  47,428 -36,487 -59,906 111,264  56,949  36,242  11,496 -71,735 -27,469 -72,148  44,188 -50,817 -85,720 -96,025 -113,308 -92,334  -4,152 -34,460 -21,956 -14,625   0,000 | -4,023
  0,000   0,000   0,000   0,000   0,000   0,000   0,000   0,000   0,000   0,000   0,000   0,000   0,000   0,000   0,000   0,000   0,000   0,000   0,000   0,000   0,000   0,000   0,000   0,000   0,000   0,000   0,000   0,000   0,000   0,000   0,000   0,000   0,000 -150,956   8,395 -12,341  54,525 181,432 -18,874 241,681  -2,829 169,101 114,550 151,606 165,496 -107,892 -42,200  90,596 142,002 207,836  81,968 150,369 -31,078 169,116  25,734 -23,254 -18,340  41,167  11,696 -31,781  49,034 -79,902 -49,388 -110,487  45,244  31,125 -124,768 -22,265 -71,131 -42,887  74,573  -1,408 -67,554 -45,000   0,000 |-124,241
  0,000   0,000   0,000   0,000   0,000   0,000   0,000   0,000   0,000   0,000   0,000   0,000   0,000   0,000   0,000   0,000   0,000   0,000   0,000   0,000   0,000   0,000   0,000   0,000   0,000   0,000   0,000   0,000   0,000   0,000   0,000   0,000   0,000   0,000 -108,218  35,531 -109,582 -164,823 -61,236 -205,824 -33,674 -249,107 -106,631 -206,098 -152,738 -22,627 -22,562 -100,850 -159,937 -158,193 -34,171 -118,077 -24,054 -108,730 -55,594 -10,108 -26,824 -17,317 -17,004  -7,811 -66,792  -5,837   1,680  25,628 -51,734 -25,615  22,722 -17,284  25,231  -0,983 -31,746  40,218  38,802  25,847   0,000 | 81,923
  0,000   0,000   0,000   0,000   0,000   0,000   0,000   0,000   0,000   0,000   0,000   0,000   0,000   0,000   0,000   0,000   0,000   0,000   0,000   0,000   0,000   0,000   0,000   0,000   0,000   0,000   0,000   0,000   0,000   0,000   0,000   0,000   0,000   0,000   0,000  95,706 -30,633  24,299 -41,095 -44,345 -46,943 -109,411 -45,187 -85,992 -35,119 -77,745 -72,376 -19,729 -61,666 -32,192  17,762   1,213  18,206  -8,480  -2,896 -27,599 -28,484   8,488 -15,056   5,726  19,796  -3,199  -5,352 -13,366 -17,579 -33,616   7,996 -36,288 -37,885 -18,661 -18,944   2,117  23,897  15,918   0,000 |-58,624
  0,000   0,000   0,000   0,000   0,000   0,000   0,000   0,000   0,000   0,000   0,000   0,000   0,000   0,000   0,000   0,000   0,000   0,000   0,000   0,000   0,000   0,000   0,000   0,000   0,000   0,000   0,000   0,000   0,000   0,000   0,000   0,000   0,000   0,000   0,000   0,000 -193,805 -218,402 -120,278 -298,395 -94,319 -66,618 -207,511 -166,584 -192,050  10,879 -12,458 -34,013 -46,213 -210,397 -246,044 -238,985 -70,387 -208,325 -159,643 -49,644 -32,115 -173,723 -132,223 -81,313 -73,264 -29,488 -30,284 -19,635 -86,542   7,668  -0,543   5,745  29,726  64,495   0,669  75,532  32,438  21,608   0,000 | 76,402
  0,000   0,000   0,000   0,000   0,000   0,000   0,000   0,000   0,000   0,000   0,000   0,000   0,000   0,000   0,000   0,000   0,000   0,000   0,000   0,000   0,000   0,000   0,000   0,000   0,000   0,000   0,000   0,000   0,000   0,000   0,000   0,000   0,000   0,000   0,000   0,000   0,000 259,116   1,750 279,398  -8,925 346,430  96,213 216,937 184,593 -70,819  27,909 153,918 216,235 237,872  68,383 194,133  46,620 184,419 136,203  20,111  72,173   7,425  32,720 -81,927  85,479 -25,011 -46,213 -96,844  22,365  75,765 -69,237  48,735 -29,100  51,129  92,863  -1,150 -63,412 -42,241   0,000 |-94,283
  0,000   0,000   0,000   0,000   0,000   0,000   0,000   0,000   0,000   0,000   0,000   0,000   0,000   0,000   0,000   0,000   0,000   0,000   0,000   0,000   0,000   0,000   0,000   0,000   0,000   0,000   0,000   0,000   0,000   0,000   0,000   0,000   0,000   0,000   0,000   0,000   0,000   0,000 -122,228   1,859 -85,911  90,690  25,534 -27,050 -52,814 -41,296  27,962   4,055 134,882 -34,710 -28,637  -8,537 -35,350 -22,169  20,535 -82,078 -88,668 -97,257 -80,831 -26,545  16,132   9,546 -40,664 -60,352  41,048  47,472 -56,273 -65,148 -75,167 -44,856  -5,251 -14,441  -8,607  -5,733   0,000 |103,771
  0,000   0,000   0,000   0,000   0,000   0,000   0,000   0,000   0,000   0,000   0,000   0,000   0,000   0,000   0,000   0,000   0,000   0,000   0,000   0,000   0,000   0,000   0,000   0,000   0,000   0,000   0,000   0,000   0,000   0,000   0,000   0,000   0,000   0,000   0,000   0,000   0,000   0,000   0,000 -115,602  18,707 -282,381  65,907 -141,293 -26,640 -85,688 -221,480 -60,589 -262,244  12,948 181,639 123,708 104,557  81,539  66,636  55,560  32,517 226,543 144,972 105,697  76,366  69,873  72,222  74,026 114,752  51,066  74,279   1,282  79,344 -49,632   6,742  38,779  88,175 107,378  50,256 | 81,059
  0,000   0,000   0,000   0,000   0,000   0,000   0,000   0,000   0,000   0,000   0,000   0,000   0,000   0,000   0,000   0,000   0,000   0,000   0,000   0,000   0,000   0,000   0,000   0,000   0,000   0,000   0,000   0,000   0,000   0,000   0,000   0,000   0,000   0,000   0,000   0,000   0,000   0,000   0,000   0,000 -87,952 -30,096 -159,130 -22,906 -89,344 -20,777  74,579 -56,611 158,013 -128,421 -197,047 -191,662 -156,261 -128,714 -104,550 -99,657 -88,698 -144,046 -124,709   0,125 -98,919 -56,116 -102,997 -81,864 -126,851 -142,305 -90,773 -123,598 -161,721 -66,143 -89,195 -95,642 -64,600 -89,977 -48,502 |-11,530
  0,000   0,000   0,000   0,000   0,000   0,000   0,000   0,000   0,000   0,000   0,000   0,000   0,000   0,000   0,000   0,000   0,000   0,000   0,000   0,000   0,000   0,000   0,000   0,000   0,000   0,000   0,000   0,000   0,000   0,000   0,000   0,000   0,000   0,000   0,000   0,000   0,000   0,000   0,000   0,000   0,000 -252,720  34,036 -166,552 -30,664 -93,278 -188,735 -75,874 -341,989  88,467 179,053 127,556  75,457 105,699  64,566 107,338  77,289 148,339 122,523  10,444  36,038  23,284  90,005  75,765  73,092  56,193  83,871 114,954 123,940  57,200  67,419  47,915  32,463  49,721  29,029 |-199,647
  0,000   0,000   0,000   0,000   0,000   0,000   0,000   0,000   0,000   0,000   0,000   0,000   0,000   0,000   0,000   0,000   0,000   0,000   0,000   0,000   0,000   0,000   0,000   0,000   0,000   0,000   0,000   0,000   0,000   0,000   0,000   0,000   0,000   0,000   0,000   0,000   0,000   0,000   0,000   0,000   0,000   0,000 134,444 -60,229 -79,388  82,270   0,235 -25,022 -13,339  31,635  45,219  50,554   9,584  11,520 -35,403  20,968 -63,992  18,083  29,529 108,440  -2,731  33,743  23,766  35,239  41,755  17,463  37,698  -9,746  18,102 -38,821 -14,199  -5,800  31,817  35,321  14,596 |121,418
  0,000   0,000   0,000   0,000   0,000   0,000   0,000   0,000   0,000   0,000   0,000   0,000   0,000   0,000   0,000   0,000   0,000   0,000   0,000   0,000   0,000   0,000   0,000   0,000   0,000   0,000   0,000   0,000   0,000   0,000   0,000   0,000   0,000   0,000   0,000   0,000   0,000   0,000   0,000   0,000   0,000   0,000   0,000 158,294 228,241 -101,350 -126,129 179,971 -63,361 222,836  49,464 135,934 175,505 191,214 111,425 139,505 164,831  79,885  86,899 -123,120  70,203  18,576  33,686 -31,597  30,730  89,514  75,866 194,597  85,136 115,596 121,613  56,922 -13,364  18,388  28,195 |-179,666
  0,000   0,000   0,000   0,000   0,000   0,000   0,000   0,000   0,000   0,000   0,000   0,000   0,000   0,000   0,000   0,000   0,000   0,000   0,000   0,000   0,000   0,000   0,000   0,000   0,000   0,000   0,000   0,000   0,000   0,000   0,000   0,000   0,000   0,000   0,000   0,000   0,000   0,000   0,000   0,000   0,000   0,000   0,000   0,000 146,874 -87,792 -149,378  72,707 -162,139 201,491 178,309 150,944 144,872 160,626 148,014 112,921 211,536 131,929 109,716 -117,914 162,620  14,755  75,942 -23,480  75,196 141,967 -38,883 100,095 121,943  93,539 140,916 136,957  11,857  44,831  38,158 |-135,153
  0,000   0,000   0,000   0,000   0,000   0,000   0,000   0,000   0,000   0,000   0,000   0,000   0,000   0,000   0,000   0,000   0,000   0,000   0,000   0,000   0,000   0,000   0,000   0,000   0,000   0,000   0,000   0,000   0,000   0,000   0,000   0,000   0,000   0,000   0,000   0,000   0,000   0,000   0,000   0,000   0,000   0,000   0,000   0,000   0,000 -143,260 -147,944 -44,685 -93,817   3,566 -32,832  41,201 -14,588  42,869  27,393  -3,069 -12,519 -65,547 -30,493 -78,967 -44,021 -25,802 -16,177   3,707  37,787  48,833  48,055 100,403  29,180  52,931  40,659 -35,673 -34,471 -18,874   4,224 |-49,013
  0,000   0,000   0,000   0,000   0,000   0,000   0,000   0,000   0,000   0,000   0,000   0,000   0,000   0,000   0,000   0,000   0,000   0,000   0,000   0,000   0,000   0,000   0,000   0,000   0,000   0,000   0,000   0,000   0,000   0,000   0,000   0,000   0,000   0,000   0,000   0,000   0,000   0,000   0,000   0,000   0,000   0,000   0,000   0,000   0,000   0,000 169,545  97,333  51,152  67,714 -47,020 -30,171 -57,003 -27,136 -84,675  43,128  39,863  41,079  19,009 -22,018 -30,391 -43,342 -18,340 -58,770 -100,634 -53,699 -58,263   3,891 -14,915  29,492  30,258  68,278 -18,406 -28,282 -16,553 |-132,739
  0,000   0,000   0,000   0,000   0,000   0,000   0,000   0,000   0,000   0,000   0,000   0,000   0,000   0,000   0,000   0,000   0,000   0,000   0,000   0,000   0,000   0,000   0,000   0,000   0,000   0,000   0,000   0,000   0,000   0,000   0,000   0,000   0,000   0,000   0,000   0,000   0,000   0,000   0,000   0,000   0,000   0,000   0,000   0,000   0,000   0,000   0,000 118,722 136,804  46,959 -78,356 -110,959  31,138 -47,703  74,819  49,970 -25,945 -116,444 -68,448 -39,533 -47,927  26,848 -41,012 -56,259   4,690  27,299   7,405 -12,952 -41,848   7,692  -4,966 -25,567  10,060  22,420  16,240 |181,230
  0,000   0,000   0,000   0,000   0,000   0,000   0,000   0,000   0,000   0,000   0,000   0,000   0,000   0,000   0,000   0,000   0,000   0,000   0,000   0,000   0,000   0,000   0,000   0,000   0,000   0,000   0,000   0,000   0,000   0,000   0,000   0,000   0,000   0,000   0,000   0,000   0,000   0,000   0,000   0,000   0,000   0,000   0,000   0,000   0,000   0,000   0,000   0,000 151,897 -116,567 -135,205 -258,664 -24,233 -148,552  82,778 -66,716 -71,534 -213,544 -145,269 -87,231 -122,977 -20,980 -94,427 -51,174 -21,354  -6,843 -43,457 -93,111 -82,212 -14,641 -59,280 -88,494 -13,583 -11,732  -2,774 |161,299
  0,000   0,000   0,000   0,000   0,000   0,000   0,000   0,000   0,000   0,000   0,000   0,000   0,000   0,000   0,000   0,000   0,000   0,000   0,000   0,000   0,000   0,000   0,000   0,000   0,000   0,000   0,000   0,000   0,000   0,000   0,000   0,000   0,000   0,000   0,000   0,000   0,000   0,000   0,000   0,000   0,000   0,000   0,000   0,000   0,000   0,000   0,000   0,000   0,000 118,253  92,024  98,495  -7,726  89,893 -22,283  30,465 105,599  14,795  98,150 -18,664  89,351 -42,722   7,475 -82,649 -67,509 -30,828 -110,498 -11,759 -39,351 -51,960  33,493  -3,672 -80,199 -71,840 -19,028 |-81,146
  0,000   0,000   0,000   0,000   0,000   0,000   0,000   0,000   0,000   0,000   0,000   0,000   0,000   0,000   0,000   0,000   0,000   0,000   0,000   0,000   0,000   0,000   0,000   0,000   0,000   0,000   0,000   0,000   0,000   0,000   0,000   0,000   0,000   0,000   0,000   0,000   0,000   0,000   0,000   0,000   0,000   0,000   0,000   0,000   0,000   0,000   0,000   0,000   0,000   0,000 -139,864 -76,409 -34,474 -20,519 -45,525  48,107   7,093 -225,014 -40,295 -74,159 -133,531  -3,331 -21,395  92,740   5,692  -1,071 143,634 128,475 -19,098  97,761   8,542 -115,434 -84,656 -87,616 -32,260 |-224,210
  0,000   0,000   0,000   0,000   0,000   0,000   0,000   0,000   0,000   0,000   0,000   0,000   0,000   0,000   0,000   0,000   0,000   0,000   0,000   0,000   0,000   0,000   0,000   0,000   0,000   0,000   0,000   0,000   0,000   0,000   0,000   0,000   0,000   0,000   0,000   0,000   0,000   0,000   0,000   0,000   0,000   0,000   0,000   0,000   0,000   0,000   0,000   0,000   0,000   0,000   0,000 -110,090 -20,315 -55,048  99,080 -22,029 -25,867  53,886 -114,942 -68,053  -5,396 -61,591 -18,631 -97,668  58,258 103,332 -142,054 -45,325  82,182  73,734  58,451 153,433  81,961 100,927  47,868 |209,518
  0,000   0,000   0,000   0,000   0,000   0,000   0,000   0,000   0,000   0,000   0,000   0,000   0,000   0,000   0,000   0,000   0,000   0,000   0,000   0,000   0,000   0,000   0,000   0,000   0,000   0,000   0,000   0,000   0,000   0,000   0,000   0,000   0,000   0,000   0,000   0,000   0,000   0,000   0,000   0,000   0,000   0,000   0,000   0,000   0,000   0,000   0,000   0,000   0,000   0,000   0,000   0,000  89,273  14,862  40,753  72,151 135,130 -85,391 118,142 -35,685   7,000  85,467  22,157  87,578 -48,431  -3,235 124,746  92,946  -1,988  56,751   0,666 -95,090 -63,036 -72,518 -31,541 |-46,101
  0,000   0,000   0,000   0,000   0,000   0,000   0,000   0,000   0,000   0,000   0,000   0,000   0,000   0,000   0,000   0,000   0,000   0,000   0,000   0,000   0,000   0,000   0,000   0,000   0,000   0,000   0,000   0,000   0,000   0,000   0,000   0,000   0,000   0,000   0,000   0,000   0,000   0,000   0,000   0,000   0,000   0,000   0,000   0,000   0,000   0,000   0,000   0,000   0,000   0,000   0,000   0,000   0,000  46,931  50,813  56,965 114,217 -34,508  39,107 -47,431  49,945 -24,962  -8,689 -25,527 -103,380  -6,569 -46,529 102,056  91,486  63,914  84,095 -21,772   9,689 -74,387 -18,942 |-142,346
  0,000   0,000   0,000   0,000   0,000   0,000   0,000   0,000   0,000   0,000   0,000   0,000   0,000   0,000   0,000   0,000   0,000   0,000   0,000   0,000   0,000   0,000   0,000   0,000   0,000   0,000   0,000   0,000   0,000   0,000   0,000   0,000   0,000   0,000   0,000   0,000   0,000   0,000   0,000   0,000   0,000   0,000   0,000   0,000   0,000   0,000   0,000   0,000   0,000   0,000   0,000   0,000   0,000   0,000 -90,874 -42,477 -102,969  -3,149 -20,790 103,749 -65,863  41,039  18,675  62,811 132,064   6,392  87,533 -67,857 -102,283 -28,582 -75,966 -10,870 -21,879  46,863   7,932 |120,347
  0,000   0,000   0,000   0,000   0,000   0,000   0,000   0,000   0,000   0,000   0,000   0,000   0,000   0,000   0,000   0,000   0,000   0,000   0,000   0,000   0,000   0,000   0,000   0,000   0,000   0,000   0,000   0,000   0,000   0,000   0,000   0,000   0,000   0,000   0,000   0,000   0,000   0,000   0,000   0,000   0,000   0,000   0,000   0,000   0,000   0,000   0,000   0,000   0,000   0,000   0,000   0,000   0,000   0,000   0,000  93,139 135,975   4,335  86,312  15,173  39,342  54,968  81,995  91,118 -27,169  -2,147 102,957 135,285  88,704 134,402  34,669  -0,938  -6,762 -27,040 -17,840 |-42,485
  0,000   0,000   0,000   0,000   0,000   0,000   0,000   0,000   0,000   0,000   0,000   0,000   0,000   0,000   0,000   0,000   0,000   0,000   0,000   0,000   0,000   0,000   0,000   0,000   0,000   0,000   0,000   0,000   0,000   0,000   0,000   0,000   0,000   0,000   0,000   0,000   0,000   0,000   0,000   0,000   0,000   0,000   0,000   0,000   0,000   0,000   0,000   0,000   0,000   0,000   0,000   0,000   0,000   0,000   0,000   0,000  87,398 -33,594  60,164 -49,239  21,689 -11,336 -14,037 -29,296 -92,380 -42,322 -34,274  17,206   1,953 -39,169   7,157 -65,094 -49,197 -60,736 -15,270 |-123,384
  0,000   0,000   0,000   0,000   0,000   0,000   0,000   0,000   0,000   0,000   0,000   0,000   0,000   0,000   0,000   0,000   0,000   0,000   0,000   0,000   0,000   0,000   0,000   0,000   0,000   0,000   0,000   0,000   0,000   0,000   0,000   0,000   0,000   0,000   0,000   0,000   0,000   0,000   0,000   0,000   0,000   0,000   0,000   0,000   0,000   0,000   0,000   0,000   0,000   0,000   0,000   0,000   0,000   0,000   0,000   0,000   0,000 -103,886 -10,617 -21,922 -90,490 -36,864 -58,647 -16,434 -32,119 -38,921   6,024   6,329 -87,316 -45,252 -26,358 -133,174 -88,909 -93,851 -31,427 |-19,019
  0,000   0,000   0,000   0,000   0,000   0,000   0,000   0,000   0,000   0,000   0,000   0,000   0,000   0,000   0,000   0,000   0,000   0,000   0,000   0,000   0,000   0,000   0,000   0,000   0,000   0,000   0,000   0,000   0,000   0,000   0,000   0,000   0,000   0,000   0,000   0,000   0,000   0,000   0,000   0,000   0,000   0,000   0,000   0,000   0,000   0,000   0,000   0,000   0,000   0,000   0,000   0,000   0,000   0,000   0,000   0,000   0,000   0,000 -20,865 -20,300  23,473 -20,464  -2,273 -42,818 -56,760 -28,839 -22,734   9,586   8,332  -1,317   9,719  12,036  13,002  -0,589  -1,071 | 17,090
  0,000   0,000   0,000   0,000   0,000   0,000   0,000   0,000   0,000   0,000   0,000   0,000   0,000   0,000   0,000   0,000   0,000   0,000   0,000   0,000   0,000   0,000   0,000   0,000   0,000   0,000   0,000   0,000   0,000   0,000   0,000   0,000   0,000   0,000   0,000   0,000   0,000   0,000   0,000   0,000   0,000   0,000   0,000   0,000   0,000   0,000   0,000   0,000   0,000   0,000   0,000   0,000   0,000   0,000   0,000   0,000   0,000   0,000   0,000 -46,682 -58,150 -40,394 -72,738 -80,441 -50,915  -2,326 -59,080 -14,103 -49,775 -64,655   8,460 -35,973 -51,260 -42,887  -7,525 | 80,581
  0,000   0,000   0,000   0,000   0,000   0,000   0,000   0,000   0,000   0,000   0,000   0,000   0,000   0,000   0,000   0,000   0,000   0,000   0,000   0,000   0,000   0,000   0,000   0,000   0,000   0,000   0,000   0,000   0,000   0,000   0,000   0,000   0,000   0,000   0,000   0,000   0,000   0,000   0,000   0,000   0,000   0,000   0,000   0,000   0,000   0,000   0,000   0,000   0,000   0,000   0,000   0,000   0,000   0,000   0,000   0,000   0,000   0,000   0,000   0,000 -50,249 -25,900 -38,281 -42,755 -33,731 -24,223  -3,890   4,723 -37,543 -31,608 -18,683 -49,184 -31,481 -23,799  -5,547 |114,801
  0,000   0,000   0,000   0,000   0,000   0,000   0,000   0,000   0,000   0,000   0,000   0,000   0,000   0,000   0,000   0,000   0,000   0,000   0,000   0,000   0,000   0,000   0,000   0,000   0,000   0,000   0,000   0,000   0,000   0,000   0,000   0,000   0,000   0,000   0,000   0,000   0,000   0,000   0,000   0,000   0,000   0,000   0,000   0,000   0,000   0,000   0,000   0,000   0,000   0,000   0,000   0,000   0,000   0,000   0,000   0,000   0,000   0,000   0,000   0,000   0,000 -59,791 -74,730 -178,627 -211,582 -120,924 -111,975  -4,223 -59,507 -70,836   5,048 -65,617 -10,563 -78,432 -27,605 |174,374
  0,000   0,000   0,000   0,000   0,000   0,000   0,000   0,000   0,000   0,000   0,000   0,000   0,000   0,000   0,000   0,000   0,000   0,000   0,000   0,000   0,000   0,000   0,000   0,000   0,000   0,000   0,000   0,000   0,000   0,000   0,000   0,000   0,000   0,000   0,000   0,000   0,000   0,000   0,000   0,000   0,000   0,000   0,000   0,000   0,000   0,000   0,000   0,000   0,000   0,000   0,000   0,000   0,000   0,000   0,000   0,000   0,000   0,000   0,000   0,000   0,000   0,000 -39,793 -87,035 -75,116 -36,643 -60,291 -11,743 -42,833 -43,876   8,126 -37,904 -18,228 -40,149 -11,695 |244,434
  0,000   0,000   0,000   0,000   0,000   0,000   0,000   0,000   0,000   0,000   0,000   0,000   0,000   0,000   0,000   0,000   0,000   0,000   0,000   0,000   0,000   0,000   0,000   0,000   0,000   0,000   0,000   0,000   0,000   0,000   0,000   0,000   0,000   0,000   0,000   0,000   0,000   0,000   0,000   0,000   0,000   0,000   0,000   0,000   0,000   0,000   0,000   0,000   0,000   0,000   0,000   0,000   0,000   0,000   0,000   0,000   0,000   0,000   0,000   0,000   0,000   0,000   0,000 -36,239  -7,695   3,575   5,793  16,944 -10,401  26,697   6,617  15,593   6,164  13,898   5,281 |135,918
  0,000   0,000   0,000   0,000   0,000   0,000   0,000   0,000   0,000   0,000   0,000   0,000   0,000   0,000   0,000   0,000   0,000   0,000   0,000   0,000   0,000   0,000   0,000   0,000   0,000   0,000   0,000   0,000   0,000   0,000   0,000   0,000   0,000   0,000   0,000   0,000   0,000   0,000   0,000   0,000   0,000   0,000   0,000   0,000   0,000   0,000   0,000   0,000   0,000   0,000   0,000   0,000   0,000   0,000   0,000   0,000   0,000   0,000   0,000   0,000   0,000   0,000   0,000   0,000  18,105  20,713  -3,788   8,956   9,640  29,280  19,478  19,650  13,230   5,572   3,051 |143,072
  0,000   0,000   0,000   0,000   0,000   0,000   0,000   0,000   0,000   0,000   0,000   0,000   0,000   0,000   0,000   0,000   0,000   0,000   0,000   0,000   0,000   0,000   0,000   0,000   0,000   0,000   0,000   0,000   0,000   0,000   0,000   0,000   0,000   0,000   0,000   0,000   0,000   0,000   0,000   0,000   0,000   0,000   0,000   0,000   0,000   0,000   0,000   0,000   0,000   0,000   0,000   0,000   0,000   0,000   0,000   0,000   0,000   0,000   0,000   0,000   0,000   0,000   0,000   0,000   0,000 -11,229  20,736  -1,360 -16,770  -8,256 -16,027 -11,804  -4,239   4,944   1,073 |-284,133
  0,000   0,000   0,000   0,000   0,000   0,000   0,000   0,000   0,000   0,000   0,000   0,000   0,000   0,000   0,000   0,000   0,000   0,000   0,000   0,000   0,000   0,000   0,000   0,000   0,000   0,000   0,000   0,000   0,000   0,000   0,000   0,000   0,000   0,000   0,000   0,000   0,000   0,000   0,000   0,000   0,000   0,000   0,000   0,000   0,000   0,000   0,000   0,000   0,000   0,000   0,000   0,000   0,000   0,000   0,000   0,000   0,000   0,000   0,000   0,000   0,000   0,000   0,000   0,000   0,000   0,000 -13,868  -5,313   0,174 -10,472   2,621  -3,854  -4,787  -9,397  -2,955 |192,274
  0,000   0,000   0,000   0,000   0,000   0,000   0,000   0,000   0,000   0,000   0,000   0,000   0,000   0,000   0,000   0,000   0,000   0,000   0,000   0,000   0,000   0,000   0,000   0,000   0,000   0,000   0,000   0,000   0,000   0,000   0,000   0,000   0,000   0,000   0,000   0,000   0,000   0,000   0,000   0,000   0,000   0,000   0,000   0,000   0,000   0,000   0,000   0,000   0,000   0,000   0,000   0,000   0,000   0,000   0,000   0,000   0,000   0,000   0,000   0,000   0,000   0,000   0,000   0,000   0,000   0,000   0,000  -9,103 -14,301 -12,603 -11,352   0,245 -10,475  -4,626  -3,763 |149,325
  0,000   0,000   0,000   0,000   0,000   0,000   0,000   0,000   0,000   0,000   0,000   0,000   0,000   0,000   0,000   0,000   0,000   0,000   0,000   0,000   0,000   0,000   0,000   0,000   0,000   0,000   0,000   0,000   0,000   0,000   0,000   0,000   0,000   0,000   0,000   0,000   0,000   0,000   0,000   0,000   0,000   0,000   0,000   0,000   0,000   0,000   0,000   0,000   0,000   0,000   0,000   0,000   0,000   0,000   0,000   0,000   0,000   0,000   0,000   0,000   0,000   0,000   0,000   0,000   0,000   0,000   0,000   0,000   5,391   5,394   5,278   3,067   5,605   5,953   2,986 |-202,793
  0,000   0,000   0,000   0,000   0,000   0,000   0,000   0,000   0,000   0,000   0,000   0,000   0,000   0,000   0,000   0,000   0,000   0,000   0,000   0,000   0,000   0,000   0,000   0,000   0,000   0,000   0,000   0,000   0,000   0,000   0,000   0,000   0,000   0,000   0,000   0,000   0,000   0,000   0,000   0,000   0,000   0,000   0,000   0,000   0,000   0,000   0,000   0,000   0,000   0,000   0,000   0,000   0,000   0,000   0,000   0,000   0,000   0,000   0,000   0,000   0,000   0,000   0,000   0,000   0,000   0,000   0,000   0,000   0,000  -3,298  -1,024  -0,711   0,874  -0,728  -0,032 | 12,476
  0,000   0,000   0,000   0,000   0,000   0,000   0,000   0,000   0,000   0,000   0,000   0,000   0,000   0,000   0,000   0,000   0,000   0,000   0,000   0,000   0,000   0,000   0,000   0,000   0,000   0,000   0,000   0,000   0,000   0,000   0,000   0,000   0,000   0,000   0,000   0,000   0,000   0,000   0,000   0,000   0,000   0,000   0,000   0,000   0,000   0,000   0,000   0,000   0,000   0,000   0,000   0,000   0,000   0,000   0,000   0,000   0,000   0,000   0,000   0,000   0,000   0,000   0,000   0,000   0,000   0,000   0,000   0,000   0,000   0,000   0,329  -1,574  -2,026   0,054   0,037 | 37,374
  0,000   0,000   0,000   0,000   0,000   0,000   0,000   0,000   0,000   0,000   0,000   0,000   0,000   0,000   0,000   0,000   0,000   0,000   0,000   0,000   0,000   0,000   0,000   0,000   0,000   0,000   0,000   0,000   0,000   0,000   0,000   0,000   0,000   0,000   0,000   0,000   0,000   0,000   0,000   0,000   0,000   0,000   0,000   0,000   0,000   0,000   0,000   0,000   0,000   0,000   0,000   0,000   0,000   0,000   0,000   0,000   0,000   0,000   0,000   0,000   0,000   0,000   0,000   0,000   0,000   0,000   0,000   0,000   0,000   0,000   0,000  -3,481  -5,049   0,113   0,018 | 36,000
  0,000   0,000   0,000   0,000   0,000   0,000   0,000   0,000   0,000   0,000   0,000   0,000   0,000   0,000   0,000   0,000   0,000   0,000   0,000   0,000   0,000   0,000   0,000   0,000   0,000   0,000   0,000   0,000   0,000   0,000   0,000   0,000   0,000   0,000   0,000   0,000   0,000   0,000   0,000   0,000   0,000   0,000   0,000   0,000   0,000   0,000   0,000   0,000   0,000   0,000   0,000   0,000   0,000   0,000   0,000   0,000   0,000   0,000   0,000   0,000   0,000   0,000   0,000   0,000   0,000   0,000   0,000   0,000   0,000   0,000   0,000   0,000  -0,000   0,000  -0,000 |-58,641
  0,000   0,000   0,000   0,000   0,000   0,000   0,000   0,000   0,000   0,000   0,000   0,000   0,000   0,000   0,000   0,000   0,000   0,000   0,000   0,000   0,000   0,000   0,000   0,000   0,000   0,000   0,000   0,000   0,000   0,000   0,000   0,000   0,000   0,000   0,000   0,000   0,000   0,000   0,000   0,000   0,000   0,000   0,000   0,000   0,000   0,000   0,000   0,000   0,000   0,000   0,000   0,000   0,000   0,000   0,000   0,000   0,000   0,000   0,000   0,000   0,000   0,000   0,000   0,000   0,000   0,000   0,000   0,000   0,000   0,000   0,000   0,000   0,000  -0,000   0,000 | 66,746
  0,000   0,000   0,000   0,000   0,000   0,000   0,000   0,000   0,000   0,000   0,000   0,000   0,000   0,000   0,000   0,000   0,000   0,000   0,000   0,000   0,000   0,000   0,000   0,000   0,000   0,000   0,000   0,000   0,000   0,000   0,000   0,000   0,000   0,000   0,000   0,000   0,000   0,000   0,000   0,000   0,000   0,000   0,000   0,000   0,000   0,000   0,000   0,000   0,000   0,000   0,000   0,000   0,000   0,000   0,000   0,000   0,000   0,000   0,000   0,000   0,000   0,000   0,000   0,000   0,000   0,000   0,000   0,000   0,000   0,000   0,000   0,000   0,000   0,000  -0,000 |-84,766
Решение:
  2,185  -1,052   0,955   0,453   4,463  -2,100  -3,932  -3,512  -2,923  13,876 -10,597  -9,262   9,703  21,757   1,667 -43,914   2,392  74,351 -86,024 104,397 -51,296  65,963   0,353 960,376 -1088,141  70,075 -1612,671 101,746 215,470 -17,536 5564,968 347,421 -1880,085 -568,210 373,092 -228,542 334,786 1610,201 11772,820 -15381,019 8746,494 -18556,266 -1038,721 -30177,012 33585,375 12693,190 -13324,389 34106,789 38330,773 -66506,766 -92263,305 151405,516 -98883,742 409485,813 -456371,594 342634,938 -162381,031 330590,875 -29084,254 -550521,688 -222338,500 -82100,711 920920,188 3558076,500 -2100967,750 1818697,500 -4289459,000 3389781,250 -3853350,250 291367,469 -1117132,125 -1790109,125 1316033,250 3552156,250 691829,250 
Невязка: 
  0,000   0,000   0,000   0,000   0,000   0,000   0,000   0,000   0,000   0,000   0,000   0,000   0,000   0,000   0,000   0,000   0,000   0,000   0,000   0,000   0,000   0,000   0,000   0,000   0,000   0,000   0,000   0,000   0,000   0,000   0,000   0,000   0,000   0,000   0,000   0,000   0,000   0,000   0,000   0,000   0,000   0,000   0,000   0,000   0,000   0,000   0,000   0,000   0,000   0,000   0,000   0,000   0,000   0,000   0,000   0,000   0,000   0,000   0,000   0,000   0,000   0,000   0,000   0,000   0,000   0,000   0,000   0,000   0,000   0,000   0,000   0,000   0,000   0,000   0,000 
detA = -94578814952176740000000000000000000000000000000000000000000000000000000000000000000000000000000000000000000000000000000000000,000
Обратная матрица:
  0,008  -0,001   0,003  -0,016   0,008  -0,000  -0,001  -0,002  -0,001  -0,000  -0,000  -0,000  -0,000   0,000  -0,000   0,000   0,000  -0,000  -0,000   0,000  -0,000   0,000  -0,000  -0,000   0,000   0,000   0,000   0,000   0,000   0,000   0,000  -0,000  -0,000  -0,000  -0,000  -0,000  -0,000   0,000  -0,000  -0,000   0,000   0,000   0,000   0,000   0,000  -0,000  -0,000  -0,000  -0,000   0,000  -0,000  -0,000   0,000   0,000  -0,000  -0,000   0,000  -0,000   0,000  -0,000  -0,000  -0,000  -0,000  -0,000  -0,000   0,000  -0,000  -0,000  -0,000  -0,000  -0,000  -0,000   0,000  -0,000  -0,000 
 -0,024   0,011  -0,002   0,003   0,000   0,001  -0,001  -0,000  -0,000  -0,000   0,000   0,000  -0,000   0,000   0,000  -0,000   0,000  -0,000  -0,000  -0,000   0,000  -0,000   0,000   0,000  -0,000   0,000   0,000  -0,000  -0,000   0,000  -0,000   0,000  -0,000  -0,000   0,000  -0,000   0,000   0,000  -0,000   0,000  -0,000  -0,000  -0,000   0,000   0,000  -0,000   0,000  -0,000  -0,000  -0,000  -0,000   0,000  -0,000  -0,000   0,000   0,000   0,000   0,000  -0,000   0,000   0,000  -0,000   0,000  -0,000   0,000   0,000   0,000   0,000   0,000   0,000   0,000  -0,000   0,000   0,000  -0,000 
  0,015  -0,010   0,011  -0,001  -0,006  -0,000   0,002  -0,000   0,000   0,000  -0,000  -0,000   0,000  -0,000   0,000   0,000   0,000   0,000   0,000   0,000  -0,000  -0,000   0,000   0,000   0,000  -0,000  -0,000   0,000   0,000  -0,000   0,000   0,000   0,000   0,000  -0,000   0,000  -0,000  -0,000   0,000  -0,000  -0,000  -0,000  -0,000  -0,000  -0,000   0,000  -0,000   0,000   0,000   0,000  -0,000  -0,000   0,000   0,000   0,000   0,000  -0,000   0,000   0,000   0,000  -0,000   0,000   0,000   0,000   0,000  -0,000   0,000  -0,000  -0,000  -0,000  -0,000   0,000  -0,000  -0,000   0,000 
  0,025  -0,022  -0,022   0,004   0,027   0,002  -0,002   0,004  -0,002   0,001  -0,001  -0,001   0,001   0,000  -0,000   0,000   0,000  -0,000   0,000   0,000  -0,000   0,000  -0,000   0,000  -0,000   0,000  -0,000   0,000   0,000  -0,000   0,000  -0,000   0,000  -0,000  -0,000   0,000   0,000   0,000  -0,000   0,000  -0,000   0,000   0,000  -0,000  -0,000   0,000   0,000  -0,000   0,000  -0,000  -0,000   0,000   0,000  -0,000  -0,000   0,000  -0,000   0,000   0,000   0,000  -0,000   0,000   0,000  -0,000  -0,000   0,000   0,000   0,000  -0,000   0,000  -0,000   0,000   0,000  -0,000   0,000 
  0,094  -0,029  -0,141  -0,083   0,196  -0,036   0,043  -0,074   0,045  -0,020   0,021   0,011  -0,009  -0,004   0,006  -0,001  -0,002   0,002   0,001  -0,001   0,001  -0,000   0,000  -0,001   0,000  -0,000   0,000  -0,000  -0,000   0,000  -0,000   0,000  -0,000   0,000   0,000  -0,000  -0,000  -0,000   0,000   0,000  -0,000  -0,000  -0,000   0,000   0,000  -0,000  -0,000   0,000  -0,000  -0,000   0,000   0,000  -0,000   0,000  -0,000   0,000   0,000  -0,000   0,000  -0,000  -0,000   0,000  -0,000   0,000   0,000  -0,000   0,000   0,000  -0,000  -0,000  -0,000   0,000  -0,000  -0,000   0,000 
 -0,045   0,036   0,038   0,020  -0,064   0,018  -0,006   0,012  -0,006   0,002  -0,003  -0,001   0,001   0,000  -0,001   0,000   0,000  -0,000  -0,000   0,000  -0,000   0,000  -0,000   0,000  -0,000  -0,000  -0,000   0,000   0,000  -0,000   0,000  -0,000   0,000  -0,000  -0,000   0,000   0,000   0,000  -0,000  -0,000   0,000   0,000  -0,000  -0,000  -0,000   0,000   0,000  -0,000   0,000   0,000  -0,000  -0,000   0,000  -0,000   0,000  -0,000  -0,000   0,000  -0,000   0,000   0,000  -0,000   0,000  -0,000  -0,000  -0,000  -0,000  -0,000   0,000  -0,000   0,000  -0,000  -0,000   0,000  -0,000 
 -0,068   0,026   0,092   0,050  -0,134   0,016  -0,013   0,042  -0,024   0,011  -0,012  -0,006   0,005   0,002  -0,003   0,000   0,001  -0,001  -0,000   0,001  -0,000   0,000  -0,000   0,000  -0,000   0,000  -0,000   0,000   0,000  -0,000   0,000  -0,000   0,000  -0,000  -0,000   0,000   0,000   0,000  -0,000  -0,000   0,000   0,000   0,000  -0,000  -0,000   0,000   0,000  -0,000   0,000   0,000  -0,000  -0,000   0,000  -0,000   0,000  -0,000  -0,000   0,000  -0,000   0,000   0,000  -0,000   0,000  -0,000  -0,000  -0,000  -0,000  -0,000   0,000  -0,000   0,000  -0,000   0,000   0,000  -0,000 
 -0,048  -0,016   0,089   0,084  -0,148   0,016  -0,040   0,062  -0,014   0,009  -0,004  -0,005   0,001   0,003  -0,003   0,000   0,002  -0,002  -0,001   0,001  -0,001   0,000  -0,000   0,000  -0,000   0,000  -0,000   0,000   0,000  -0,000   0,000  -0,000   0,000  -0,000  -0,000   0,000   0,000   0,000  -0,000  -0,000   0,000   0,000   0,000  -0,000  -0,000   0,000   0,000  -0,000   0,000   0,000  -0,000  -0,000   0,000  -0,000   0,000  -0,000  -0,000   0,000   0,000   0,000   0,000  -0,000   0,000  -0,000  -0,000   0,000   0,000   0,000   0,000   0,000   0,000   0,000   0,000   0,000  -0,000 
 -0,058   0,001   0,085   0,077  -0,133   0,015  -0,038   0,054  -0,004   0,021  -0,022  -0,011   0,009   0,004  -0,007   0,001   0,002  -0,002  -0,001   0,001  -0,001   0,000  -0,000   0,000  -0,000   0,000  -0,000   0,000   0,000  -0,000   0,000  -0,000   0,000  -0,000  -0,000   0,000   0,000   0,000  -0,000  -0,000   0,000   0,000   0,000  -0,000  -0,000   0,000   0,000  -0,000   0,000   0,000  -0,000  -0,000   0,000  -0,000   0,000  -0,000  -0,000   0,000  -0,000   0,000   0,000  -0,000   0,000  -0,000  -0,000   0,000  -0,000   0,000   0,000   0,000   0,000  -0,000   0,000   0,000  -0,000 
  0,211   0,005  -0,274  -0,296   0,479  -0,066   0,117  -0,190   0,024  -0,031   0,052   0,030  -0,022  -0,012   0,017  -0,002  -0,007   0,006   0,002  -0,004   0,003  -0,001   0,001  -0,002   0,000  -0,000   0,000  -0,000  -0,000   0,000  -0,000   0,000  -0,000   0,000   0,000  -0,000  -0,000  -0,000   0,000   0,000  -0,000  -0,000  -0,000   0,000   0,000  -0,000  -0,000   0,000  -0,000  -0,000   0,000   0,000  -0,000   0,000  -0,000   0,000   0,000  -0,000   0,000  -0,000  -0,000   0,000  -0,000   0,000   0,000  -0,000  -0,000  -0,000  -0,000  -0,000   0,000   0,000  -0,000  -0,000   0,000 
 -0,255   0,051   0,365   0,264  -0,539   0,083  -0,121   0,206  -0,086   0,051  -0,062  -0,051   0,045   0,017  -0,029   0,004   0,008  -0,008  -0,002   0,004  -0,004   0,001  -0,002   0,002  -0,000   0,000  -0,000   0,000   0,000  -0,000   0,000  -0,000   0,000  -0,000  -0,000   0,000   0,000   0,000  -0,000  -0,000   0,000   0,000   0,000  -0,000  -0,000   0,000   0,000  -0,000   0,000   0,000  -0,000  -0,000   0,000  -0,000   0,000  -0,000  -0,000   0,000  -0,000   0,000   0,000  -0,000   0,000  -0,000  -0,000   0,000  -0,000  -0,000   0,000   0,000   0,000  -0,000   0,000   0,000  -0,000 
 -0,106   0,001   0,089   0,119  -0,203   0,024  -0,033   0,064  -0,002  -0,007  -0,011   0,009   0,001   0,003  -0,003  -0,000   0,002  -0,002  -0,001   0,001  -0,001   0,000  -0,000   0,000  -0,000   0,000  -0,000   0,000   0,000  -0,000   0,000  -0,000   0,000  -0,000  -0,000   0,000   0,000   0,000  -0,000  -0,000   0,000   0,000   0,000  -0,000  -0,000   0,000   0,000  -0,000   0,000   0,000  -0,000  -0,000   0,000  -0,000   0,000  -0,000  -0,000   0,000  -0,000   0,000   0,000  -0,000   0,000  -0,000  -0,000   0,000   0,000   0,000   0,000   0,000  -0,000  -0,000   0,000   0,000  -0,000 
  0,455  -0,214  -0,614  -0,285   0,826  -0,155   0,157  -0,284   0,173  -0,105   0,104   0,071  -0,062  -0,037   0,075  -0,013  -0,014   0,015   0,003  -0,007   0,007  -0,002   0,003  -0,003   0,000  -0,000   0,000  -0,000  -0,000   0,000  -0,000   0,000  -0,000   0,000   0,000  -0,000  -0,000  -0,000   0,000   0,000  -0,000  -0,000  -0,000   0,000   0,000  -0,000  -0,000   0,000  -0,000  -0,000   0,000   0,000  -0,000   0,000  -0,000   0,000   0,000  -0,000   0,000  -0,000  -0,000   0,000  -0,000   0,000   0,000  -0,000   0,000   0,000  -0,000   0,000  -0,000   0,000   0,000  -0,000   0,000 
  0,181   0,109  -0,231  -0,382   0,500  -0,046   0,127  -0,215  -0,011   0,005   0,030   0,016  -0,025   0,011  -0,000   0,002  -0,006   0,004   0,002  -0,003   0,003  -0,001   0,001  -0,001   0,000  -0,000   0,000  -0,000  -0,000   0,000  -0,000   0,000  -0,000   0,000   0,000  -0,000  -0,000  -0,000   0,000   0,000  -0,000  -0,000  -0,000   0,000   0,000  -0,000  -0,000   0,000  -0,000  -0,000   0,000   0,000  -0,000   0,000  -0,000   0,000   0,000  -0,000  -0,000  -0,000  -0,000   0,000  -0,000   0,000   0,000  -0,000  -0,000  -0,000   0,000  -0,000   0,000  -0,000  -0,000  -0,000   0,000 
 -0,063   0,058   0,073  -0,013  -0,064   0,015  -0,003   0,020  -0,030   0,020  -0,021  -0,015   0,011   0,003  -0,012   0,011   0,006  -0,009  -0,001   0,003  -0,003   0,001  -0,001   0,001   0,000  -0,000   0,000  -0,000  -0,000   0,000  -0,000   0,000  -0,000   0,000   0,000  -0,000   0,000  -0,000   0,000   0,000  -0,000   0,000  -0,000   0,000   0,000  -0,000   0,000   0,000   0,000  -0,000   0,000   0,000  -0,000  -0,000   0,000   0,000  -0,000   0,000  -0,000   0,000   0,000   0,000  -0,000   0,000   0,000  -0,000  -0,000  -0,000   0,000  -0,000   0,000  -0,000  -0,000   0,000  -0,000 
 -0,323  -0,279   0,441   0,818  -1,037   0,162  -0,312   0,481   0,018  -0,021  -0,054  -0,015   0,040  -0,026  -0,012   0,006  -0,013   0,026  -0,000  -0,005   0,008  -0,002   0,002  -0,003  -0,001   0,001  -0,001   0,001   0,000  -0,000   0,000  -0,000   0,000  -0,000  -0,000   0,000   0,000   0,000  -0,000  -0,000   0,000   0,000   0,000  -0,000  -0,000   0,000   0,000  -0,000   0,000   0,000  -0,000  -0,000   0,000  -0,000   0,000  -0,000  -0,000   0,000   0,000   0,000   0,000  -0,000   0,000  -0,000  -0,000   0,000   0,000   0,000  -0,000   0,000  -0,000   0,000   0,000   0,000  -0,000 
 -0,058   0,067   0,139   0,010  -0,108   0,026  -0,038   0,041  -0,067   0,047  -0,026  -0,034   0,017   0,011  -0,019  -0,011   0,017   0,004   0,000  -0,001   0,001  -0,000   0,000  -0,001  -0,000   0,000  -0,000   0,000   0,000  -0,000   0,000  -0,000   0,000  -0,000  -0,000   0,000   0,000   0,000  -0,000  -0,000   0,000   0,000   0,000  -0,000  -0,000   0,000  -0,000  -0,000   0,000   0,000  -0,000  -0,000   0,000  -0,000   0,000  -0,000  -0,000   0,000  -0,000   0,000   0,000  -0,000   0,000  -0,000  -0,000   0,000  -0,000  -0,000   0,000  -0,000   0,000  -0,000  -0,000   0,000  -0,000 
  0,186   0,623  -0,133  -1,086   1,066  -0,151   0,324  -0,511  -0,195   0,173  -0,014  -0,096   0,008   0,056  -0,056  -0,013   0,068  -0,042  -0,009   0,032  -0,038   0,012  -0,013   0,017   0,001  -0,001   0,001  -0,001  -0,000   0,000  -0,001   0,000  -0,000   0,000   0,000  -0,000  -0,000  -0,000   0,000   0,000  -0,000  -0,000  -0,000   0,000   0,000  -0,000  -0,000   0,000  -0,000  -0,000   0,000   0,000  -0,000   0,000  -0,000   0,000   0,000  -0,000  -0,000  -0,000  -0,000   0,000  -0,000   0,000   0,000  -0,000  -0,000  -0,000   0,000  -0,000   0,000  -0,000  -0,000  -0,000   0,000 
 -0,344  -0,643   0,320   1,302  -1,424   0,196  -0,401   0,652   0,174  -0,165  -0,014   0,090   0,003  -0,053   0,041   0,014  -0,067   0,032   0,018  -0,026   0,032  -0,010   0,011  -0,014  -0,001   0,001  -0,001   0,001   0,000  -0,001   0,001  -0,000   0,000  -0,001  -0,000   0,000   0,000   0,000  -0,000  -0,000   0,000   0,000   0,000  -0,000  -0,000   0,000   0,000  -0,000   0,000   0,000  -0,000  -0,000   0,000  -0,000   0,000  -0,000  -0,000   0,000   0,000   0,000   0,000  -0,000   0,000  -0,000  -0,000   0,000   0,000   0,000  -0,000   0,000  -0,000   0,000   0,000   0,000  -0,000 
  0,541   0,739  -0,690  -1,728   2,022  -0,303   0,614  -0,955  -0,092   0,129   0,053  -0,041  -0,048   0,074  -0,020  -0,001   0,048  -0,068  -0,024   0,040  -0,023   0,007  -0,007   0,009   0,001  -0,002   0,002  -0,002  -0,000   0,001  -0,001   0,000  -0,000   0,001   0,000  -0,000  -0,000  -0,001   0,000   0,000  -0,000  -0,000  -0,000   0,000   0,000  -0,000  -0,000   0,000  -0,000  -0,000   0,000   0,000  -0,000   0,000  -0,000   0,000   0,000  -0,000  -0,000  -0,000  -0,000   0,000  -0,000   0,000   0,000  -0,000  -0,000  -0,000   0,000  -0,000   0,000  -0,000  -0,000  -0,000   0,000 
 -0,264  -0,314   0,304   0,738  -0,898   0,164  -0,289   0,435  -0,003  -0,074  -0,007   0,007   0,033  -0,041   0,022  -0,010  -0,025   0,053   0,013  -0,044   0,022   0,006  -0,007   0,008  -0,000   0,000  -0,000   0,001   0,000  -0,000   0,000  -0,000   0,000  -0,000  -0,000   0,000   0,000   0,000  -0,000  -0,000   0,000   0,000   0,000  -0,000  -0,000   0,000   0,000  -0,000   0,000   0,000  -0,000  -0,000   0,000  -0,000   0,000  -0,000  -0,000   0,000   0,000   0,000   0,000  -0,000   0,000  -0,000  -0,000   0,000   0,000   0,000  -0,000   0,000  -0,000   0,000   0,000   0,000  -0,000 
  0,839   0,203  -1,320  -1,399   2,200  -0,361   0,676  -0,991   0,261  -0,129   0,169   0,148  -0,148   0,032   0,083   0,032  -0,055  -0,067  -0,013   0,013   0,013   0,012   0,022  -0,026   0,000   0,000   0,001  -0,001  -0,000   0,001  -0,001   0,000  -0,000   0,001   0,000  -0,000  -0,000  -0,001   0,000   0,000  -0,000  -0,000  -0,000   0,000   0,000  -0,000  -0,000   0,000  -0,000  -0,000   0,000   0,000  -0,000   0,000  -0,000   0,000   0,000  -0,000  -0,000  -0,000  -0,000   0,000  -0,000   0,000   0,000  -0,000  -0,000  -0,000  -0,000  -0,000   0,000   0,000  -0,000  -0,000   0,000 
 -0,204   0,081   0,399   0,214  -0,448   0,082  -0,139   0,196  -0,125   0,094  -0,071  -0,075   0,060   0,005  -0,059  -0,004   0,031   0,003   0,000   0,013  -0,019  -0,011   0,001   0,012   0,000  -0,000   0,000   0,000   0,000  -0,000   0,000  -0,000   0,000  -0,000  -0,000   0,000   0,000   0,000  -0,000  -0,000   0,000   0,000   0,000  -0,000  -0,000   0,000   0,000  -0,000   0,000   0,000  -0,000  -0,000   0,000  -0,000   0,000  -0,000  -0,000   0,000  -0,000   0,000   0,000  -0,000   0,000  -0,000  -0,000   0,000  -0,000  -0,000   0,000   0,000   0,000  -0,000   0,000   0,000  -0,000 
  5,588   6,520  -7,269 -16,179  19,679  -2,756   5,737  -9,006  -0,663   1,003   0,656  -0,262  -0,569   0,599  -0,103   0,002   0,374  -0,507  -0,184   0,228  -0,188   0,152  -0,065   0,068  -0,031   0,058  -0,019  -0,006  -0,003   0,005  -0,009   0,002  -0,002   0,007   0,002  -0,004  -0,001  -0,005   0,003   0,004  -0,001  -0,000  -0,000   0,000   0,000  -0,000  -0,000   0,000  -0,000  -0,000   0,000   0,000  -0,000   0,000  -0,000   0,000   0,000  -0,000  -0,000  -0,000  -0,000   0,000  -0,000   0,000   0,000  -0,000  -0,000  -0,000   0,000  -0,000   0,000  -0,000  -0,000  -0,000   0,000 
 -6,101  -7,534   7,840  18,205 -21,901   3,029  -6,366  10,035   0,905  -1,233  -0,682   0,378   0,586  -0,680   0,167   0,006  -0,459   0,553   0,211  -0,263   0,222  -0,167   0,078  -0,096   0,043  -0,058   0,018   0,008   0,003  -0,006   0,010  -0,003   0,002  -0,008  -0,002   0,004   0,001   0,006  -0,004  -0,004   0,001   0,000   0,000  -0,000  -0,000   0,000   0,000  -0,000   0,000   0,000  -0,000  -0,000   0,000  -0,000   0,000  -0,000  -0,000   0,000   0,000   0,000   0,000  -0,000   0,000  -0,000  -0,000   0,000   0,000   0,000  -0,000   0,000  -0,000   0,000   0,000   0,000  -0,000 
 -0,468   0,973   1,054  -0,609  -0,141   0,068  -0,098   0,016  -0,607   0,472  -0,198  -0,355   0,177   0,043  -0,179  -0,068   0,213   0,015  -0,021   0,048  -0,087  -0,000  -0,048   0,078  -0,017   0,001   0,019  -0,005  -0,000   0,001  -0,000   0,000   0,000   0,000   0,000   0,000  -0,000  -0,000   0,000   0,000  -0,000  -0,000  -0,000   0,000   0,000  -0,000  -0,000   0,000  -0,000  -0,000   0,000   0,000  -0,000   0,000  -0,000   0,000   0,000  -0,000  -0,000  -0,000   0,000   0,000  -0,000   0,000   0,000  -0,000  -0,000  -0,000   0,000  -0,000   0,000  -0,000  -0,000   0,000  -0,000 
 -8,650 -11,365  10,837  26,634 -31,659   4,430  -9,253  14,582   1,598  -2,050  -0,857   0,733   0,747  -1,015   0,340   0,040  -0,795   0,851   0,315  -0,437   0,393  -0,233   0,119  -0,168   0,064  -0,096   0,013   0,036   0,005  -0,013   0,015  -0,004   0,002  -0,011  -0,003   0,006   0,002   0,008  -0,006  -0,006   0,002   0,000   0,000  -0,000  -0,000   0,000   0,000  -0,000   0,000   0,000  -0,000  -0,000   0,000  -0,000   0,000  -0,000  -0,000   0,000   0,000   0,000   0,000  -0,000   0,000  -0,000  -0,000   0,000   0,000   0,000  -0,000   0,000  -0,000   0,000   0,000   0,000  -0,000 
  1,065   0,444  -1,638  -2,038   2,941  -0,453   0,925  -1,350   0,251  -0,111   0,200   0,184  -0,199   0,065   0,077   0,045  -0,059  -0,100  -0,012   0,019   0,010   0,016   0,024  -0,038   0,005   0,007  -0,012   0,002  -0,002   0,011  -0,003   0,000   0,000  -0,000   0,000   0,000  -0,001  -0,001   0,001   0,001  -0,000  -0,000  -0,000   0,000   0,000  -0,000  -0,000   0,000  -0,000  -0,000   0,000   0,000  -0,000   0,000  -0,000   0,000   0,000  -0,000  -0,000  -0,000  -0,000   0,000  -0,000   0,000   0,000  -0,000  -0,000  -0,000  -0,000  -0,000   0,000  -0,000  -0,000  -0,000   0,000 
  2,124   1,020  -3,225  -4,292   6,090  -0,937   1,846  -2,758   0,380  -0,157   0,400   0,264  -0,339   0,126   0,163   0,057  -0,078  -0,169  -0,038   0,027   0,022   0,043   0,022  -0,043   0,000   0,013  -0,015  -0,005   0,011  -0,001  -0,002   0,001  -0,001   0,002   0,001  -0,001  -0,000  -0,001   0,001   0,001  -0,000  -0,000  -0,000   0,000   0,000  -0,000  -0,000   0,000  -0,000  -0,000   0,000   0,000  -0,000   0,000  -0,000   0,000   0,000  -0,000  -0,000  -0,000  -0,000   0,000  -0,000   0,000   0,000  -0,000  -0,000  -0,000  -0,000  -0,000   0,000  -0,000  -0,000  -0,000   0,000 
 -1,322   0,515   2,406   1,203  -2,719   0,518  -0,935   1,220  -0,811   0,547  -0,348  -0,474   0,302   0,026  -0,245  -0,099   0,211   0,125  -0,008   0,004  -0,070  -0,013  -0,074   0,093  -0,016   0,002   0,004   0,006  -0,009   0,002   0,017   0,002  -0,007   0,011  -0,000  -0,010   0,011   0,003  -0,010  -0,001   0,000  -0,000   0,000  -0,000  -0,000   0,000  -0,000   0,000   0,000   0,000  -0,000  -0,000  -0,000  -0,000   0,000  -0,000  -0,000   0,000  -0,000   0,000   0,000  -0,000   0,000  -0,000  -0,000   0,000  -0,000  -0,000   0,000   0,000   0,000  -0,000   0,000   0,000  -0,000 
 33,854  37,111 -45,064 -94,961 117,024 -16,593  34,518 -53,645  -2,697   5,095   4,122  -0,869  -3,595   3,464  -0,370   0,242   1,833  -3,237  -1,068   1,403  -0,977   0,859  -0,177   0,205  -0,144   0,294  -0,105  -0,075   0,011   0,001  -0,074   0,006   0,022  -0,013   0,011   0,025  -0,055  -0,042   0,064   0,026  -0,008  -0,001  -0,001   0,002   0,001  -0,001  -0,000   0,000  -0,000  -0,001   0,001   0,001  -0,000   0,000  -0,000   0,000   0,000  -0,000  -0,000  -0,000  -0,000   0,000  -0,000   0,000   0,000  -0,000  -0,000  -0,000   0,000  -0,000   0,000  -0,000  -0,000  -0,000   0,000 
  1,811   2,351  -2,027  -5,447   6,513  -0,915   1,791  -2,923  -0,425   0,527   0,134  -0,272  -0,082   0,163  -0,105  -0,045   0,251  -0,145  -0,065   0,105  -0,123   0,047  -0,033   0,068  -0,023   0,025   0,009  -0,019  -0,001  -0,000  -0,016   0,012   0,001   0,000   0,001   0,000  -0,002  -0,002   0,003   0,001  -0,000  -0,000  -0,000   0,000   0,000  -0,000  -0,000   0,000  -0,000  -0,000   0,000   0,000  -0,000   0,000  -0,000   0,000   0,000  -0,000  -0,000  -0,000  -0,000   0,000  -0,000   0,000   0,000  -0,000  -0,000  -0,000   0,000  -0,000   0,000  -0,000  -0,000  -0,000   0,000 
-11,641 -12,257  15,274  31,891 -39,615   5,660 -11,554  18,039   0,885  -1,721  -1,409   0,335   1,177  -1,110   0,109  -0,049  -0,658   1,060   0,352  -0,481   0,353  -0,278   0,060  -0,089   0,049  -0,088   0,022   0,032  -0,006  -0,001   0,029  -0,013   0,002   0,007  -0,004  -0,011   0,021   0,015  -0,024  -0,009   0,003   0,000   0,000  -0,001  -0,000   0,000   0,000  -0,000   0,000   0,000  -0,000  -0,000   0,000  -0,000   0,000  -0,000  -0,000   0,000   0,000   0,000   0,000  -0,000   0,000  -0,000  -0,000   0,000   0,000   0,000  -0,000   0,000  -0,000   0,000   0,000   0,000  -0,000 
 -4,061  -3,555   5,912  10,312 -13,268   1,906  -4,050   6,107  -0,200  -0,171  -0,617  -0,224   0,566  -0,366  -0,096  -0,111  -0,016   0,408   0,108  -0,128   0,033  -0,103  -0,026   0,052   0,003  -0,033   0,027  -0,003  -0,007   0,004   0,014   0,004  -0,014   0,015  -0,001  -0,005   0,009   0,005  -0,009  -0,003   0,001   0,000   0,000  -0,000  -0,000   0,000   0,000  -0,000   0,000   0,000  -0,000  -0,000   0,000  -0,000   0,000  -0,000  -0,000   0,000   0,000   0,000   0,000  -0,000   0,000  -0,000  -0,000   0,000   0,000   0,000  -0,000   0,000  -0,000   0,000   0,000   0,000  -0,000 
  2,995   2,031  -4,194  -6,798   9,148  -1,417   2,712  -4,127   0,199   0,056   0,470   0,150  -0,363   0,159   0,135   0,043   0,055  -0,264  -0,058   0,100  -0,057   0,058   0,018  -0,002  -0,010   0,011   0,006  -0,023   0,005   0,010  -0,020   0,003  -0,004  -0,006   0,015   0,004  -0,006  -0,004   0,006   0,002  -0,001  -0,000  -0,000   0,000   0,000  -0,000  -0,000   0,000  -0,000  -0,000   0,000   0,000  -0,000   0,000  -0,000   0,000   0,000  -0,000  -0,000  -0,000  -0,000   0,000  -0,000   0,000   0,000  -0,000  -0,000  -0,000   0,000  -0,000   0,000  -0,000  -0,000  -0,000   0,000 
 -3,560  -0,429   5,823   5,503  -8,952   1,451  -2,784   4,034  -1,287   0,716  -0,758  -0,737   0,678  -0,094  -0,434  -0,146   0,282   0,272   0,038   0,006  -0,089  -0,081  -0,082   0,125  -0,003  -0,047   0,028   0,018  -0,005  -0,006   0,019   0,000  -0,009  -0,009  -0,005   0,009   0,017   0,006  -0,016  -0,003   0,001   0,000   0,000  -0,000  -0,000   0,000   0,000  -0,000   0,000   0,000  -0,000  -0,000   0,000  -0,000   0,000  -0,000  -0,000   0,000   0,000   0,000   0,000  -0,000   0,000  -0,000  -0,000   0,000   0,000   0,000   0,000   0,000  -0,000  -0,000   0,000   0,000  -0,000 
  2,143   2,367  -3,161  -6,067   7,500  -1,015   2,299  -3,536  -0,004   0,216   0,295   0,051  -0,300   0,254  -0,002   0,042   0,059  -0,213  -0,080   0,050  -0,014   0,073  -0,000  -0,016  -0,015   0,042  -0,018   0,000  -0,002  -0,008  -0,007  -0,003   0,012   0,004  -0,015  -0,004   0,001  -0,006   0,016   0,003  -0,001  -0,000  -0,000   0,000   0,000  -0,000  -0,000   0,000  -0,000  -0,000   0,000   0,000  -0,000   0,000  -0,000   0,000   0,000  -0,000  -0,000  -0,000  -0,000   0,000  -0,000   0,000   0,000  -0,000  -0,000  -0,000   0,000  -0,000   0,000  -0,000  -0,000  -0,000   0,000 
 10,951  10,223 -15,394 -28,507  36,163  -5,165  10,873 -16,597   0,080   0,849   1,570   0,344  -1,432   1,062   0,145   0,216   0,172  -1,047  -0,300   0,376  -0,143   0,240   0,019  -0,093  -0,000   0,077  -0,080   0,013   0,012  -0,003  -0,003  -0,021   0,022  -0,018   0,004   0,007  -0,029   0,007   0,015   0,007  -0,002  -0,000  -0,000   0,001   0,000  -0,000  -0,000   0,000  -0,000  -0,000   0,000   0,000  -0,000   0,000  -0,000   0,000   0,000  -0,000  -0,000  -0,000  -0,000   0,000  -0,000   0,000   0,000  -0,000  -0,000  -0,000   0,000  -0,000   0,000  -0,000  -0,000  -0,000   0,000 
 57,197  85,824 -69,592 -190,625 220,120 -29,712  64,107 -101,389 -14,514  16,552   5,073  -6,416  -4,539   7,956  -3,707  -0,256   5,669  -5,872  -2,271   3,344  -2,679   1,393  -1,047   1,122  -0,238   0,332  -0,269   0,162   0,058  -0,088   0,075  -0,023   0,042  -0,117  -0,007   0,061  -0,035   0,062  -0,014  -0,043   0,018  -0,005  -0,004   0,004   0,005  -0,004  -0,001   0,002  -0,000  -0,003   0,002   0,001  -0,001   0,001  -0,000   0,000   0,000  -0,000  -0,000  -0,000  -0,000   0,000  -0,000   0,000   0,000  -0,000  -0,000  -0,000   0,000  -0,000   0,000  -0,000  -0,000  -0,000   0,000 
-79,366 -109,873  99,212 252,474 -296,539  40,593 -86,687 136,459  16,181 -19,788  -7,794   6,924   6,895 -10,164   3,894   0,094  -6,886   8,000   2,965  -4,249   3,321  -1,957   1,143  -1,267   0,355  -0,542   0,318  -0,077  -0,062   0,075  -0,009   0,018  -0,054   0,117  -0,002  -0,080   0,064  -0,027  -0,039   0,022   0,002   0,004   0,004  -0,005  -0,004   0,004   0,001  -0,002   0,001   0,003  -0,002  -0,002   0,001  -0,001   0,000  -0,001  -0,000   0,000   0,000   0,000   0,000  -0,001   0,000  -0,000  -0,000   0,000   0,000   0,000  -0,000   0,000  -0,000   0,000   0,000   0,000  -0,000 
 32,946  68,605 -34,848 -135,093 145,678 -18,597  41,711 -67,255 -16,272  15,970   1,289  -7,758  -1,275   6,242  -4,638  -0,649   5,462  -3,817  -1,738   2,740  -2,390   0,796  -1,144   1,298  -0,198   0,111  -0,159   0,237   0,049  -0,136   0,167  -0,029   0,014  -0,122  -0,044   0,080   0,040   0,078  -0,063  -0,070   0,009   0,015   0,007  -0,004  -0,011   0,008   0,003  -0,005  -0,003   0,005  -0,002  -0,001   0,002  -0,001  -0,000   0,000   0,000  -0,000  -0,000  -0,000   0,000   0,000  -0,000   0,000   0,000  -0,000  -0,000  -0,000   0,000  -0,000   0,000  -0,000  -0,000  -0,000   0,000 
-66,923 -147,302  69,471 285,339 -303,948  38,189 -87,053 140,513  35,986 -34,632  -2,250  16,881   2,462 -13,605  10,325   1,406 -11,500   7,893   3,665  -5,802   4,991  -1,579   2,590  -2,723   0,316  -0,123   0,460  -0,715  -0,126   0,318  -0,471   0,116  -0,060   0,300   0,098  -0,151  -0,094  -0,261   0,207   0,184  -0,054  -0,006  -0,015   0,009   0,024  -0,017  -0,006   0,011   0,006  -0,011   0,005   0,003  -0,005   0,002   0,000  -0,001  -0,000   0,000   0,000   0,000  -0,000  -0,001   0,000  -0,000  -0,000   0,000   0,000   0,000  -0,000   0,000  -0,000   0,000   0,000   0,000  -0,000 
 -5,122  -7,448   6,045  16,714 -19,394   2,657  -5,567   8,877   1,334  -1,492  -0,452   0,605   0,374  -0,653   0,312   0,056  -0,558   0,499   0,189  -0,302   0,269  -0,116   0,090  -0,129   0,031  -0,028   0,010   0,008   0,000  -0,007   0,002  -0,005   0,004   0,004  -0,008  -0,001  -0,002  -0,001   0,001  -0,000   0,000  -0,004   0,010   0,000   0,001  -0,000  -0,000   0,000   0,000  -0,000   0,000   0,000  -0,000   0,000   0,000  -0,000  -0,000   0,000   0,000   0,000   0,000  -0,000   0,000  -0,000  -0,000   0,000   0,000   0,000  -0,000   0,000  -0,000   0,000   0,000   0,000  -0,000 
-128,808 -229,604 148,048 477,390 -531,737  69,541 -154,014 245,668  47,213 -49,031  -8,491  21,639   7,995 -21,307  13,053   1,320 -16,508  14,140   5,936  -8,968   7,393  -3,164   3,328  -3,563   0,601  -0,587   0,695  -0,731  -0,156   0,390  -0,422   0,119  -0,114   0,388   0,112  -0,239  -0,028  -0,231   0,125   0,178  -0,051  -0,009  -0,009   0,026   0,005  -0,003  -0,002   0,003   0,004  -0,001  -0,000  -0,001  -0,001  -0,001   0,001  -0,001  -0,001   0,001   0,000   0,001   0,000  -0,001   0,001  -0,001  -0,000   0,000   0,000   0,000  -0,000   0,000  -0,000   0,000   0,000   0,000  -0,000 
111,660 271,666 -109,127 -510,096 532,430 -65,614 151,968 -246,708 -70,917  66,476   1,609 -33,534  -2,451  25,054 -20,597  -2,978  22,040 -13,753  -6,659  10,719  -9,427   2,673  -5,064   5,368  -0,579   0,099  -0,843   1,428   0,209  -0,595   0,951  -0,229   0,105  -0,576  -0,188   0,289   0,230   0,519  -0,445  -0,362   0,107   0,012   0,015  -0,048  -0,016   0,030   0,010  -0,019  -0,011   0,019  -0,009  -0,006   0,008  -0,003  -0,001   0,001   0,001  -0,001  -0,000  -0,001   0,000   0,001  -0,001   0,000   0,000  -0,000  -0,000  -0,000   0,000  -0,000   0,000  -0,000  -0,000  -0,000   0,000 
 93,491  76,695 -131,592 -227,566 297,614 -43,815  89,036 -136,601   2,945   5,648  13,523   2,864 -11,561   7,409   2,119   1,312   2,171  -8,319  -2,410   2,811  -1,521   2,324   0,219  -0,297  -0,300   0,850  -0,255  -0,346   0,056   0,018  -0,347   0,041   0,084  -0,008   0,029   0,055  -0,239  -0,169   0,291   0,099  -0,034  -0,020   0,005   0,036  -0,011  -0,008  -0,010   0,019   0,007  -0,023   0,011   0,009  -0,008   0,005  -0,000   0,001   0,000  -0,000  -0,000  -0,001  -0,000   0,001  -0,001   0,000   0,000  -0,000  -0,000  -0,000   0,000  -0,000   0,000  -0,000  -0,000  -0,000   0,000 
-101,447 -78,881 144,200 241,322 -318,774  47,195 -95,603 146,273  -5,111  -4,559 -15,087  -4,143  12,905  -7,723  -2,888  -1,580  -1,751   8,947   2,524  -2,856   1,396  -2,504  -0,366   0,514   0,298  -0,923   0,290   0,388  -0,068  -0,021   0,383  -0,039  -0,093  -0,002  -0,032  -0,052   0,268   0,185  -0,331  -0,113   0,041   0,020  -0,008  -0,041   0,008   0,009   0,022  -0,022  -0,008   0,026  -0,013  -0,010   0,009  -0,006   0,000  -0,001  -0,000   0,000   0,000   0,001   0,000  -0,001   0,001  -0,000  -0,000   0,000   0,000   0,000  -0,000   0,000  -0,000   0,000   0,000   0,000  -0,000 
179,930 242,239 -228,272 -563,510 665,954 -91,269 195,339 -306,763 -33,156  42,055  18,459 -13,753 -16,404  22,776  -7,968   0,149  14,317 -17,990  -6,629   9,207  -6,906   4,445  -2,393   2,425  -0,703   1,194  -0,787   0,299   0,177  -0,273   0,061  -0,068   0,159  -0,277  -0,067   0,189  -0,187   0,066   0,144  -0,062   0,018  -0,025   0,018   0,029  -0,019  -0,002  -0,025   0,029   0,002  -0,014   0,008   0,006  -0,004   0,004  -0,001   0,001   0,000  -0,001  -0,000  -0,001  -0,000   0,002  -0,001   0,001   0,000  -0,000  -0,000  -0,000   0,000  -0,000   0,000  -0,000  -0,000  -0,000   0,000 
162,758 291,805 -186,405 -605,881 673,761 -88,068 194,877 -310,921 -60,322  62,386  10,679 -27,620 -10,008  27,006 -16,590  -1,744  21,005 -17,888  -7,501  11,415  -9,420   3,958  -4,272   4,563  -0,746   0,704  -0,878   0,936   0,220  -0,495   0,559  -0,160   0,131  -0,504  -0,125   0,303   0,048   0,312  -0,187  -0,236   0,062   0,020   0,010  -0,026  -0,014   0,005   0,008  -0,017   0,007   0,008  -0,003  -0,002   0,004  -0,000  -0,001   0,001   0,001  -0,001  -0,000  -0,001  -0,000   0,001  -0,001   0,001   0,000  -0,000  -0,000  -0,000   0,000  -0,000   0,000  -0,000  -0,000  -0,000   0,000 
-231,262 -532,783 234,994 1018,650 -1074,568 133,729 -307,252 496,714 133,113 -126,711  -5,969  62,644   7,194 -48,985  38,384   5,264 -42,106  27,997  13,140 -20,817  18,131  -5,689   9,481 -10,051   1,192  -0,477   1,622  -2,557  -0,413   1,145  -1,661   0,421  -0,237   1,084   0,365  -0,575  -0,367  -0,900   0,738   0,643  -0,198  -0,021  -0,041   0,084   0,026  -0,034  -0,018   0,028  -0,006  -0,025   0,028   0,019  -0,024   0,010   0,001  -0,002  -0,002   0,001  -0,000   0,001  -0,000  -0,002   0,001  -0,001  -0,000   0,000   0,000   0,000  -0,000   0,000  -0,000   0,000   0,000   0,000  -0,000 
-405,221 -696,498 473,946 1468,421 -1648,125 216,645 -478,444 761,127 137,375 -144,921 -29,283  62,011  27,242 -65,021  37,585   3,347 -48,369  43,851  18,078 -27,020  21,805  -9,837   9,794 -10,134   1,680  -1,802   2,230  -2,311  -0,567   1,255  -1,298   0,420  -0,397   1,222   0,351  -0,735   0,013  -0,741   0,343   0,550  -0,162   0,003  -0,067   0,017   0,066  -0,028   0,003   0,004  -0,026  -0,004   0,033  -0,005  -0,001  -0,004   0,002  -0,003  -0,002   0,002   0,000   0,003   0,000  -0,004   0,003  -0,002  -0,000   0,000   0,000   0,000  -0,000   0,000  -0,000   0,000   0,000   0,000  -0,000 
670,104 1140,065 -788,243 -2415,522 2715,511 -357,248 788,113 -1252,452 -220,383 234,042  50,000 -98,729 -46,512 106,399 -59,956  -4,977  77,888 -72,321 -29,577  44,004 -35,185  16,281 -15,717  16,094  -2,701   3,009  -3,739   3,753   0,939  -2,016   2,079  -0,701   0,668  -1,987  -0,561   1,186  -0,051   1,194  -0,513  -0,876   0,260  -0,017   0,094  -0,041  -0,102   0,053  -0,015  -0,006   0,023  -0,009  -0,031   0,021   0,015  -0,001  -0,003   0,005   0,003  -0,003  -0,000  -0,004  -0,000   0,005  -0,004   0,003   0,001  -0,000  -0,000  -0,001   0,000  -0,001   0,001  -0,000  -0,000  -0,000   0,000 
-511,595 -706,164 644,960 1628,863 -1912,554 260,564 -559,043 878,450  99,521 -123,352 -51,804  41,191  46,117 -66,011  24,085  -0,250 -41,609  51,496  19,044 -26,753  19,958 -12,511   7,142  -7,126   1,899  -3,145   2,342  -1,105  -0,559   0,853  -0,339   0,257  -0,451   0,925   0,169  -0,617   0,498  -0,284  -0,297   0,225  -0,065   0,059  -0,041  -0,062   0,057  -0,012   0,050  -0,047  -0,012   0,041  -0,017  -0,036   0,014   0,001   0,002  -0,003  -0,002   0,002   0,000   0,003   0,000  -0,004   0,003  -0,002  -0,000   0,000   0,000   0,000  -0,000   0,000  -0,000   0,000   0,000   0,000  -0,000 
1820,893 3055,810 -2167,779 -6590,052 7382,050 -964,196 2111,863 -3342,148 -525,754 576,653 152,150 -229,394 -140,833 274,000 -137,493  -8,223 192,211 -195,490 -77,138 112,663 -88,498  45,371 -36,882  37,820  -7,442   9,727  -9,507   7,669   2,304  -4,507   3,911  -1,486   1,691  -4,565  -1,154   2,856  -0,749   2,334  -0,442  -1,758   0,502  -0,080   0,208   0,002  -0,211   0,063  -0,085   0,058   0,079  -0,047  -0,038   0,052  -0,001   0,008  -0,016   0,004   0,021  -0,011   0,003  -0,001   0,003   0,001   0,003  -0,003   0,002  -0,000  -0,001  -0,001   0,000  -0,002   0,001  -0,000  -0,001  -0,001   0,000 
-2044,887 -3402,738 2441,312 7346,879 -8253,234 1080,789 -2368,642 3748,427 588,398 -645,909 -171,137 256,408 158,456 -307,988 154,531   8,917 -214,512 219,000  86,492 -126,171  98,577 -50,689  41,403 -41,951   8,099 -10,677  10,959  -9,053  -2,626   5,221  -4,637   1,791  -1,965   5,229   1,387  -3,265   0,823  -2,716   0,546   2,015  -0,590   0,093  -0,243   0,037   0,250  -0,085   0,103  -0,057  -0,068   0,057   0,031  -0,084  -0,013  -0,017   0,039  -0,006  -0,021   0,012  -0,002   0,003  -0,003  -0,004  -0,000   0,002  -0,002   0,000   0,001   0,002  -0,001   0,002  -0,002   0,000   0,001   0,001  -0,000 
1470,285 2587,628 -1720,077 -5474,348 6075,959 -787,194 1738,382 -2758,777 -477,410 507,945 112,588 -211,006 -105,992 233,621 -127,954  -9,525 168,210 -160,578 -65,023  96,034 -76,291  36,538 -33,621  34,209  -5,977   7,090  -8,319   7,874   1,999  -4,248   4,298  -1,512   1,464  -4,194  -1,185   2,538  -0,235   2,451  -0,937  -1,784   0,539  -0,054   0,192  -0,101  -0,177   0,079  -0,054   0,011   0,050  -0,019  -0,052   0,046   0,037   0,001  -0,037   0,018   0,016  -0,009   0,002  -0,002   0,002   0,002   0,001  -0,002   0,002  -0,000  -0,001  -0,001   0,000  -0,001   0,001  -0,000  -0,001  -0,001   0,000 
-404,799 -1347,083 322,654 2453,837 -2355,192 259,854 -614,678 999,941 320,966 -291,675   3,992 149,806   3,744 -106,030  90,700  13,374 -96,491  57,824  28,249 -45,801  41,375 -11,390  21,905 -24,002   2,860  -0,715   3,146  -5,508  -0,765   2,311  -3,827   0,824  -0,285   2,236   0,729  -1,142  -1,108  -2,041   1,909   1,463  -0,412  -0,110  -0,036   0,197   0,036  -0,081  -0,068   0,086   0,008  -0,109   0,050   0,073  -0,051   0,031  -0,008   0,007   0,013   0,009  -0,005  -0,012  -0,005   0,018  -0,018   0,014  -0,001   0,000   0,000   0,001  -0,000   0,001  -0,001   0,000   0,000   0,000  -0,000 
1217,780 2578,324 -1317,569 -5182,486 5499,546 -682,250 1531,591 -2448,361 -526,764 526,196  68,634 -239,315 -69,274 221,232 -144,089 -15,858 175,206 -142,172 -60,937  93,133 -77,986  31,161 -36,588  38,976  -6,017   5,106  -7,137   8,403   1,773  -4,171   5,209  -1,403   1,004  -4,109  -1,176   2,357   0,629   2,891  -1,898  -2,121   0,597   0,081   0,136  -0,168  -0,137   0,104   0,016  -0,049   0,033   0,080  -0,057  -0,040   0,028  -0,029   0,001  -0,011  -0,008   0,006   0,005   0,008   0,005  -0,011   0,013  -0,011   0,001  -0,000  -0,000  -0,001   0,000  -0,001   0,001  -0,000  -0,001  -0,001   0,000 
 99,055 -316,247 -235,298 347,664 -109,930 -19,007   8,397   7,652 124,804 -91,590  36,963  62,288 -29,005 -18,646  37,986   8,453 -30,124  -0,307   4,040  -9,525  11,566   1,747   8,417  -9,800   0,459   1,788   0,207  -2,507  -0,126   0,797  -2,088   0,300   0,181   0,713   0,285  -0,240  -0,996  -1,081   1,382   0,754  -0,209  -0,110   0,002   0,129  -0,004  -0,057  -0,063   0,080   0,013  -0,099   0,035   0,068  -0,024   0,036  -0,019   0,009   0,012  -0,013   0,008  -0,008  -0,003   0,012  -0,011   0,009  -0,000   0,000   0,000   0,000  -0,000   0,000  -0,000   0,000   0,000  -0,000   0,000 
-2549,130 -4063,186 3089,533 8917,526 -10110,207 1334,401 -2908,310 4591,948 663,096 -748,674 -226,941 284,916 207,971 -368,313 170,803   6,923 -249,191 269,208 104,167 -150,309 115,786 -63,243  46,588 -46,982   9,909 -14,176  13,117  -9,496  -3,119   5,880  -4,452   1,956  -2,445   5,985   1,481  -3,857   1,507  -2,701  -0,045   2,050  -0,597   0,155  -0,285  -0,033   0,295  -0,063   0,140  -0,101  -0,105   0,116   0,025  -0,120  -0,002  -0,030   0,043  -0,014  -0,030   0,020  -0,010   0,015  -0,003  -0,005   0,000   0,001  -0,003   0,001   0,001   0,002  -0,001   0,002  -0,002   0,001   0,001   0,001  -0,000 
-1131,292 -1602,542 1412,609 3638,207 -4259,929 579,951 -1251,227 1970,889 248,866 -296,126 -108,260 105,885  96,721 -152,290  63,081   1,143 -99,414 115,112  43,468 -62,071  46,878 -27,361  17,822 -17,827   4,139  -6,425   5,417  -3,328  -1,348   2,319  -1,333   0,728  -1,069   2,414   0,514  -1,602   0,921  -0,898  -0,362   0,711  -0,198   0,083  -0,128  -0,076   0,138  -0,023   0,074  -0,060  -0,068   0,074   0,019  -0,061   0,025  -0,018   0,005  -0,005  -0,017   0,000  -0,004   0,007   0,013  -0,011   0,009  -0,006  -0,001   0,000   0,000   0,001  -0,000   0,001  -0,001   0,000   0,001   0,000  -0,000 
-320,678 -646,614 342,265 1261,614 -1383,044 179,991 -407,692 658,935 167,168 -161,954 -10,918  79,611  11,106 -63,042  48,339   6,935 -54,540  36,534  17,053 -27,015  23,645  -7,497  12,182 -13,061   1,634  -0,718   2,006  -3,118  -0,521   1,390  -2,073   0,493  -0,229   1,309   0,422  -0,682  -0,463  -1,134   0,947   0,803  -0,248  -0,046  -0,045   0,083   0,030  -0,036  -0,014   0,030  -0,017  -0,056   0,037   0,035  -0,008   0,015   0,002   0,000   0,000  -0,014   0,005  -0,009  -0,004   0,014   0,006  -0,005  -0,000   0,000   0,000   0,000  -0,000   0,000  -0,000   0,000   0,000   0,000  -0,000 
3756,080 7057,234 -4253,459 -14547,534 15943,660 -2048,503 4553,432 -7261,938 -1428,393 1466,674 244,447 -648,211 -233,869 636,259 -390,717 -39,888 490,077 -419,121 -176,149 266,594 -219,668  92,950 -100,862 106,244 -17,017  16,178 -21,095  23,151   5,291 -11,826  13,843  -4,020   3,232 -11,752  -3,229   6,805   0,927   7,841  -4,541  -5,733   1,646   0,108   0,436  -0,340  -0,453   0,293  -0,004  -0,093   0,141   0,145  -0,186  -0,054   0,056  -0,060   0,007  -0,013   0,007   0,005   0,003   0,016  -0,004  -0,030   0,021  -0,002   0,004  -0,001  -0,001  -0,003   0,001  -0,004   0,003  -0,001  -0,002  -0,001   0,001 
-11123,448 34239,078 22380,117 -53117,355 19814,615 3042,800 -4491,964 7302,786 -2507,059 869,608 -1442,346 -559,134 701,074  49,649 -314,918  50,722   6,034  32,527  18,903 -14,544  -0,818 -14,877  -4,762   8,668   2,167  -6,691   4,052   0,175  -0,831   0,822   1,318   0,280  -1,000   0,875   0,122  -0,866   1,874   0,582  -1,913  -0,379   0,081   0,194  -0,113  -0,155   0,078   0,060   0,171  -0,175  -0,042   0,172  -0,056  -0,148   0,051  -0,043   0,054  -0,002  -0,025  -0,005  -0,006   0,005   0,009  -0,015   0,010   0,002  -0,000  -0,005   0,011  -0,017   0,008  -0,008   0,008  -0,007  -0,004  -0,002   0,001 
2325,414 -19098,594 -6832,167 31788,584 -18576,129  26,255 -1038,728 1620,577 2086,600 -1395,444 481,533 711,800 -171,543 -447,425 420,238  13,182 -347,398 254,512 109,161 -174,390 152,918 -51,615  75,292 -81,776  10,514  -5,796  12,063 -17,483  -3,142   8,001 -11,574   2,756  -1,457   7,828   2,326  -4,174  -2,439  -6,379   5,127   4,607  -1,300  -0,247  -0,221   0,407   0,257  -0,285  -0,120   0,200  -0,035  -0,265   0,159   0,166  -0,083   0,094  -0,044   0,022   0,025  -0,008   0,002  -0,032  -0,007   0,038  -0,030   0,009   0,010   0,002  -0,003   0,009  -0,004   0,006  -0,006   0,003   0,003   0,002  -0,001 
2033,021 15367,267 -289,098 -28168,652 22749,576 -1733,955 4317,703 -6834,228 -2080,477 1800,724   6,758 -811,345 -148,684 731,750 -484,147 -26,505 539,401 -479,969 -196,519 296,745 -243,254 106,407 -109,825 115,146 -18,722  19,012 -23,620  24,702   5,879 -12,817  14,497  -4,368   3,706 -12,695  -3,520   7,396   0,518   8,264  -4,342  -6,037   1,738   0,042   0,500  -0,280  -0,535   0,324  -0,086  -0,033   0,124   0,115  -0,156  -0,015   0,048  -0,052  -0,016  -0,008   0,004   0,009  -0,000   0,024   0,004  -0,027   0,012  -0,004  -0,009   0,010   0,001  -0,007   0,003  -0,006   0,005  -0,003  -0,004  -0,002   0,001 
10792,913 -40446,055 -22875,137 64652,781 -28290,811 -2582,805 3283,555 -5468,756 2959,346 -1235,391 1409,063 666,721 -600,745 -239,805 376,115 -72,111 -91,086 127,917  33,170 -54,107  45,388 -25,324  15,157 -16,325   2,327  -4,762   3,173  -0,826  -0,787   1,095   0,199   0,319  -0,844   1,235   0,200  -0,922   1,055  -0,051  -0,895   0,086  -0,015   0,122  -0,093  -0,135   0,134  -0,002   0,053  -0,038  -0,035   0,100   0,006  -0,075   0,002  -0,051   0,015  -0,038  -0,021   0,028  -0,000   0,022  -0,002  -0,032   0,020  -0,021  -0,003  -0,002   0,003   0,020  -0,009   0,010  -0,010   0,008   0,005   0,003  -0,001 
-14529,681 33618,117 27194,156 -50305,320 12546,113 4598,794 -7740,292 12543,736 -1710,453 -83,852 -1690,160 -114,627 867,510 -361,320 -43,316  98,091 -346,828 285,363 134,435 -194,305 153,482 -68,691  71,982 -73,647  13,603 -13,679  17,536 -18,682  -4,263   9,550 -10,969   3,311  -2,693   9,363   2,697  -5,491  -0,545  -6,140   3,341   4,489  -1,302  -0,043  -0,375   0,308   0,345  -0,216   0,051   0,021  -0,106  -0,089   0,127   0,005  -0,053   0,049   0,024   0,022  -0,007  -0,004  -0,008  -0,021  -0,000   0,031  -0,033   0,027  -0,003   0,001  -0,003  -0,003   0,008  -0,007   0,007  -0,007  -0,003  -0,001   0,000 
10263,777 -36578,168 -21518,135 57782,996 -24384,203 -2537,976 3346,817 -5489,561 2871,580 -1232,050 1383,732 711,468 -636,245 -211,690 406,107 -45,183 -122,280  79,368  25,933 -51,902  53,874 -10,613  27,662 -32,352   2,084   1,675   1,418  -5,168  -0,548   1,978  -4,034   0,639   0,071   1,933   0,598  -0,840  -1,630  -2,181   2,474   1,564  -0,432  -0,171  -0,009   0,181   0,044  -0,124  -0,127   0,150   0,000  -0,154   0,082   0,126  -0,049   0,058  -0,051   0,006   0,024  -0,005   0,003  -0,007  -0,004   0,014  -0,007  -0,007   0,001   0,002  -0,009   0,008   0,003   0,009  -0,009   0,007   0,005   0,002  -0,001 
3044,106 1754,365 -4128,542 -4765,950 8042,703 -1447,868 3066,485 -4916,383 -746,074 873,577 232,469 -387,752 -174,131 390,148 -236,282 -33,616 313,516 -252,738 -109,723 166,978 -139,077  55,598 -65,906  69,600 -10,662   8,994 -13,215  15,766   3,252  -7,739   9,704  -2,674   1,924  -7,581  -2,246   4,330   1,182   5,361  -3,503  -3,916   1,113   0,109   0,269  -0,333  -0,267   0,212   0,023  -0,089   0,048   0,128  -0,106  -0,055   0,079  -0,049  -0,001  -0,015  -0,008  -0,010   0,007   0,015   0,010  -0,021   0,029  -0,024  -0,001  -0,003   0,001  -0,003  -0,006   0,009   0,001  -0,000  -0,001  -0,001   0,000 
-487,540 -9657,434 -981,560 17191,092 -12725,514 741,892 -2008,609 3171,943 1215,522 -985,612  72,861 454,643  38,615 -384,303 271,607  11,695 -281,947 246,529 101,291 -153,760 126,529 -53,924  58,094 -60,683   9,411  -9,064  12,355 -13,584  -3,046   6,874  -8,083   2,413  -1,917   6,737   1,973  -3,906  -0,547  -4,505   2,541   3,285  -0,933  -0,053  -0,266   0,235   0,258  -0,180   0,048   0,020  -0,040  -0,070   0,064   0,018  -0,062   0,035   0,007   0,019   0,005   0,010  -0,009  -0,013  -0,004   0,025  -0,035   0,027   0,008  -0,007   0,002  -0,011   0,000  -0,016   0,023   0,002   0,002   0,001  -0,001 
-2131,448 -14997,224 591,211 27974,582 -22710,398 1737,036 -4265,929 6692,644 1776,234 -1562,629 -85,165 649,651 216,406 -680,641 385,195   2,786 -457,096 479,605 184,941 -270,282 211,543 -110,766  86,861 -88,521  17,444 -23,797  22,954 -17,797  -5,499  10,638  -8,776   3,562  -4,211  10,764   2,730  -6,797   2,184  -5,284   0,586   3,951  -1,159   0,243  -0,511  -0,036   0,544  -0,153   0,230  -0,141  -0,163   0,149   0,071  -0,186   0,009  -0,052   0,082  -0,038  -0,051   0,018  -0,004   0,011  -0,009  -0,023   0,028  -0,019  -0,004  -0,002   0,007   0,017  -0,007   0,012  -0,026   0,013   0,003   0,002  -0,001 
1244,025 11112,789  53,674 -20528,234 16170,154 -1139,125 2857,904 -4473,919 -1266,654 1087,103  32,950 -452,181 -139,171 469,965 -267,588   0,807 311,554 -331,962 -127,089 185,539 -144,592  76,614 -58,859  59,790 -11,869  16,419 -15,770  12,004   3,865  -7,287   5,847  -2,411   2,877  -7,386  -1,819   4,683  -1,647   3,544  -0,252  -2,671   0,772  -0,161   0,353   0,054  -0,371   0,117  -0,183   0,128   0,134  -0,122  -0,047   0,131  -0,015   0,018  -0,028  -0,002   0,029  -0,008   0,009  -0,009  -0,012   0,004   0,000   0,002  -0,002   0,004   0,003   0,005  -0,006   0,001  -0,009  -0,003   0,008  -0,002   0,001 
-9325,735 33295,680 19182,406 -54242,266 23133,924 2386,637 -3368,239 5760,107 -1478,569 193,811 -988,035 -10,234 322,171  -6,687  22,047 140,499 -222,008 -75,731  22,244 -58,373  78,566  28,007  67,693 -78,640   3,405  17,820   1,251 -23,174  -0,766   7,048 -19,309   2,686   1,901   6,184   2,706  -2,022  -9,614  -9,756  12,914   6,868  -1,908  -1,035   0,099   1,384  -0,186  -0,493  -0,591   0,656   0,142  -0,891   0,296   0,659  -0,279   0,332  -0,180   0,171   0,139  -0,048  -0,015  -0,090   0,003   0,158  -0,166   0,105   0,012   0,008  -0,027  -0,047   0,032  -0,044   0,062  -0,024  -0,020   0,018   0,001 
-4720,278 8104,752 9089,387 -8161,643 -1155,775 1481,752 -2298,428 3224,124 -2484,244 1566,401 -1051,380 -1185,740 791,691 186,720 -723,712 -163,031 480,392 158,948 -23,289 109,461 -172,196 -71,647 -147,221 175,501  -3,613 -45,028   3,056  46,711   0,370 -13,034  40,370  -5,072  -4,974 -11,325  -5,268   2,941  21,760  20,327 -28,436 -14,234   3,957   2,272  -0,355  -2,996   0,431   1,078   1,474  -1,620  -0,361   1,983  -0,685  -1,481   0,664  -0,700   0,410  -0,282  -0,301   0,061   0,018   0,178   0,020  -0,296   0,311  -0,176  -0,014  -0,037   0,048   0,052  -0,049   0,061  -0,078   0,024   0,015  -0,039   0,020 
||A|| * ||invA|| = 706515057,887