5
100   3   2    4  90  78
30  544  54    3 450  56
54   54 345  165  65  543
345 534 554 4637 3133 5567
543 534  43 4953 6678 53468
5
100 3 2 4 90 78
30 544 54 3 450 56
54 54 345 165 65 543
345 534 554 4537 3133 5567
543 534 43 4953 6678 53468

4
2 0 0 0 5
4 3 0 0 4
67 3 9 0 53
3 4 5 2 6
3
25 18 2,5 3
4 12 1 4
2 3 1 67
3
10 1 3 4
4 33 2 5
4 2 55 6
3
100 40 5 2
0 67 8 4
0 0 57 5

3
5	3	1 4
3	8	2 5
1	2	5 8


0	    3/100	    2/100	     4/100	    90/100
   30/544	0	   54/544	     3/544	   450/544
   54/345	   54/345	0	   165/345	    65/345
  345/4537	  534/4537	  554/4537	0	  3133/4537
  543/6678	  534/6678	   43/6678	  4953/6678	0
[{0, 3/100, 2/100,4/100,90/100},{30/544,0,54/544,3/544,450/544},{54/345,54/345,0,165/345,65/345},{345/4537,534/4537,554/4537,0,3133/4537},{543/6678,534/6678,43/6678,4953/6678,0}]


2
-4 4 7,3
4 8 8,9
4
1 2 3 4 10
2 7 5 1 15
3 5 8 6 22
4 1 6 6 17
3
25 -10 3 1
-10 4 2 3
3 2 7 8
3
1 2 3 3
2 4 6 5
3 6 7 8

4
5 7 6 5 23,1
7 10 8 7 31,9
6 8 10 9 32,9
5 7 9 10 31,1
4
5 7 6 5 23
7 10 8 7 32
6 8 10 9 33
5 7 9 10 31
4
5 7 6 5 23,01
7 10 8 7 31,99
6 8 10 9 32,99
5 7 9 10 31,01

2
4 3,19 7,2
5 4 8,99


4
6 9 6 2 23,1
2 15 8 7 31,9
6 8 5 14 32,9
5 7 9 10 31,1

2
4 3,19 7,19
5 4 9

3
2 4 9 7
1 8 5 2
11 9 7 2

2
10 -1000000 -1000000
2 1 0

4
5 7 6 5 23,1
7 10 8 7 31,9
6 8 10 9 32,9
5 7 9 10 31,1


3
1 2 3 2
2 4 6 4
1 1 1 5



4
5 7 6 5 23,01
7 10 8 7 31,99
6 8 10 9 32,99
5 7 9 10 31,01
4
5 7 6 5 23
7 10 8 7 32
6 8 10 9 33
5 7 9 10 31





